4	0.00372705046519	0.980593627098
5	0.00601746418078	0.963627903323
6	0.00516734044099	0.958101374638
7	0.0092417277309	0.953028542161
8	0.00894686074303	0.951697094991
9	0.0154075532596	0.908639987413
10	0.020308018031	0.87661034725
11	0.0203697565903	0.870092872263
12	0.0291567177941	0.827504263124
13	0.0267661454689	0.821830977185
14	0.026674303403	0.815530740649
15	0.0266554823844	1.81454978553
16	0.0283016967946	0.796897391634
17	0.0330447271917	0.772459973331
18	0.0313770268773	1.77312512356
19	0.0328470017814	0.740269857739
20	0.0320417559589	0.741066174672
21	0.0398863971967	0.731068760352
22	0.0322442142279	0.715720264057
23	0.045124294575	0.63681478911
24	0.0448842808231	1.62191243836
25	0.0467811062408	0.614284631117
26	0.0469879250197	0.584554440485
27	0.0627191710254	1.53002432788
28	0.0610641581064	1.51508834094
29	0.0562836693219	0.497840806093
30	0.0561868431448	1.46654928792
31	0.0574366837772	1.45800148667
32	0.0735974189323	1.43410726089
33	0.0554644573408	1.44479603145
34	0.0675131432264	1.3933690089
35	0.0692460886184	1.38380715273
36	0.0694013841594	1.36183294191
37	0.0644669012195	1.34701593794
38	0.0701949013098	1.33469725105
39	0.0685859618377	1.33129035667
40	0.0628049814536	1.31319366292
41	0.0849420367392	1.28930255528
42	0.0840390182462	1.28338130244
43	0.0817683524057	1.27508750165
44	0.0686267759812	1.28545612866
45	0.0868998196442	1.2342576417
46	0.078693929051	1.233191707
47	0.0946582426513	1.1647017634
48	0.0936742725317	1.1619430151
49	0.0911007366315	1.16087089809
50	0.0931741385661	2.14269108942
51	0.0957136588269	1.10536163727
52	0.0784814205948	1.0946711582
53	0.0790525981313	1.0899580322
54	0.0897410212997	1.07370668485
55	0.102683530806	1.03998150376
56	0.111885188779	1.00378241147
57	0.0978584075859	1.00247979133
58	0.109398579678	0.942670722518
59	0.107223234776	0.906237602209
60	0.0505609085332	0.923472059465
61	0.06304177574	1.90091157572
62	0.0397128002407	1.91997925541
63	0.058730570978	1.88211060307
64	0.0534453972003	1.85817755965
65	0.0825934857695	1.80144979549
66	0.0680091355433	1.81446576426
67	0.050388289253	1.81837347799
68	0.0795790452016	1.74289093608
69	0.0750523561491	1.74594723756
70	0.0658098037329	1.75434512244
71	0.0959434977259	1.70258822926
72	0.0893960558525	1.64767398589
73	0.0696495428694	1.65908721672
74	0.104602256186	1.58717119939
75	0.103730015092	1.56425991454
76	0.0861152241172	1.53912320851
77	0.122615747447	2.49364185336
78	0.0875702960011	1.50891032477
79	0.104593316452	1.49012873569
80	0.101813725694	1.44133656797
81	0.11960149405	1.3940836323
82	0.127356262652	1.35722473029
83	0.134749011674	1.33365819459
84	0.132656586481	2.31849657856
85	0.116806238987	1.30857310295
86	0.123462306868	1.26146000673
87	0.139207052958	1.22668183486
88	0.129113918687	1.1798158699
89	0.151288228509	2.13937085484
90	0.134705732853	1.14890510893
91	0.140108650601	1.13674611125
92	0.156265238749	2.12002468796
93	0.154314847032	1.12180233581
94	0.154644204166	2.08857030359
95	0.154093558592	1.05675700216
96	0.161552089857	1.00165036646
97	0.144211527078	2.01076913713
98	0.157826529987	1.98657334587
99	0.147027081693	0.89640835843
100	0.169823770156	2.86473285637
101	0.160924419704	1.84475353122
102	0.152764155059	1.85257825678
103	0.0748147813401	1.90242081195
104	0.081934673996	1.87416349578
105	0.0670311165562	0.869026176184
106	0.0478125818397	1.87845165918
107	0.0727503926097	1.84888109524
108	0.0634602807919	0.856086809829
109	0.0754860701176	1.81372792177
110	0.0574829200487	1.80648449366
111	0.080392256358	1.76858902346
112	0.0905525497331	1.75093430078
113	0.0921123673428	1.7392977279
114	0.0945539196012	1.6608180148
115	0.117835857006	1.63513797407
116	0.105268302884	1.6425075329
117	0.0824020918797	1.65605999153
118	0.0524484619211	1.68126043179
119	0.0957091983877	1.59832516742
120	0.109462430798	1.50528611882
121	0.12276051411	1.48113212262
122	0.115797926166	2.48047006614
123	0.124635583687	2.46480488698
124	0.0923414991892	2.48598085027
125	0.10781352758	1.46272652757
126	0.114577380991	1.43685912975
127	0.117446123187	1.41524529796
128	0.104430963191	1.42375320854
129	0.115388999088	2.40653534944
130	0.125596744468	2.38143653844
131	0.138341190345	2.30374698352
132	0.143727059296	1.27928156757
133	0.139527772745	2.28010880628
134	0.155040820255	2.24407649025
135	0.136976951993	3.23648794738
136	0.135373880181	3.23272430105
137	0.138986190589	2.22910048841
138	0.127355695201	2.20448077351
139	0.146394458611	3.1632012709
140	0.132934652132	3.17211139407
141	0.137831816888	2.16651915968
142	0.155975699637	3.13589619687
143	0.149804325048	2.13063515482
144	0.165813984726	2.09058669167
145	0.138813298362	2.1150208658
146	0.163061718653	2.03958857233
147	0.145765512362	2.05100477121
148	0.162822126763	2.03298042398
149	0.159861496232	3.02795051673
150	0.173576643737	1.98943884569
151	0.172147078335	1.92867803635
152	0.178281796952	2.88799980012
153	0.183429325904	1.87416603294
154	0.172428094683	2.84754224059
155	0.194480506317	1.80832536289
156	0.0748935288539	2.90339519139
157	0.0649154643295	1.91324738595
158	0.0752251529085	1.8605555214
159	0.0788305645871	2.83074866219
160	0.0751058492975	1.83255503892
161	0.0841683700809	2.80479783355
162	0.113943912964	2.76742809981
163	0.0893435148462	1.7535355853
164	0.101544315787	1.69202486351
165	0.116644922646	2.63456746503
166	0.100697279864	2.61848309415
167	0.12026768685	1.59736361929
168	0.134890213635	1.55666272412
169	0.113186026522	1.5625338807
170	0.140650163522	2.51192618591
171	0.123820794062	2.45266224018
172	0.127177629552	2.44076128536
173	0.134695928681	2.42774359151
174	0.0999325834053	2.4563843575
175	0.110850703179	2.44518448159
176	0.0887328363783	2.45082948678
177	0.111853957827	3.39950986402
178	0.129565441045	2.37284592268
179	0.1101549816	2.37882927703
180	0.14335264651	2.33996151128
181	0.124587508656	2.32312548222
182	0.132792004033	3.303708066
183	0.170567181028	2.24954367516
184	0.106930901014	2.30928077017
185	0.148693399226	3.24894081018
186	0.132400966713	2.26323476665
187	0.154539792904	3.22330559726
188	0.150459503788	2.211359051
189	0.137404181037	3.22381504813
190	0.137573118522	2.21866790688
191	0.169160672611	2.1664394018
192	0.154339479331	2.09886230511
193	0.142189440193	2.10910541741
194	0.151597541353	2.01848307928
195	0.185925096982	1.96709282172
196	0.183855538274	2.95998312476
197	0.168163356439	2.97104609091
198	0.169881748516	2.93567616859
199	0.172335859048	2.91676641958
200	0.192255477645	2.8876514337
201	0.17926195991	2.88357376276
202	0.181463479991	2.81045028093
203	0.0762847740848	2.91352202526
204	0.106849274209	2.85953999354
205	0.0916270231986	2.86740239758
206	0.101241203143	2.81546009535
207	0.0786409934195	3.82844486042
208	0.0964014719877	2.75399093047
209	0.116249623584	2.71387162705
210	0.0947130607936	2.73483448798
211	0.107729974205	2.71257503176
212	0.112529867643	2.69066029291
213	0.134358319958	2.61809235789
214	0.115570276992	2.56966249084
215	0.160885819892	2.48396203287
216	0.15419379518	2.36701595575
217	0.167337196638	2.29998684752
218	0.158842346495	2.2947403714
219	0.155797275118	2.29551233924
220	0.126412034446	2.2903780934
221	0.126891913597	2.28753217268
222	0.124428094954	2.28810583178
223	0.139018159852	2.24813251381
224	0.158770786376	2.18662681733
225	0.163437027693	2.17681581304
226	0.133445305234	3.20322323143
227	0.17985308826	2.14876313578
228	0.161815617284	3.16258863604
229	0.160757769922	3.13744149312
230	0.152532913617	3.136430488
231	0.190835423979	3.04500802895
232	0.156242292582	3.06793685041
233	0.181358609331	2.99959758172
234	0.187490788308	2.97798713026
235	0.200492374011	2.91624110452
236	0.210778624791	2.8754379891
237	0.214883280061	2.85152787224
238	0.213243270421	2.85163359769
239	0.211574044106	2.80926230624
240	0.188785442317	2.83168552778
241	0.196201740202	3.81867425857
242	0.174937476445	2.83720022376
243	0.111746894585	2.87589577732
244	0.157125769495	2.82815598511
245	0.132421556921	3.84813942009
246	0.060733748849	2.91329336669
247	0.0904725295447	2.87574857221
248	0.138467503224	3.81438829022
249	0.125868966425	3.81963984942
250	0.138413716084	2.79597067145
251	0.156177089739	2.77591182317
252	0.0799139265714	2.84441328001
253	0.132199308282	2.76281147435
254	0.113271863563	3.77341020593
255	0.134705168152	2.7200542076
256	0.129207169916	3.69921417571
257	0.175010826195	2.64918459635
258	0.136103737983	2.68048358727
259	0.141166582056	2.64347477795
260	0.135016551597	2.64848610079
261	0.168808919887	2.61283723945
262	0.178276068851	2.55265076778
263	0.182330921182	2.54225732709
264	0.157906548855	3.55714511517
265	0.15898767731	2.55473657454
266	0.166320512251	3.53607114227
267	0.151708127944	3.55041307202
268	0.190230555368	3.50332896723
269	0.185383095911	3.48519113884
270	0.136284773164	3.52590320765
271	0.186374601927	2.46117701514
272	0.176375731796	3.44245147656
273	0.199889499219	3.39222835429
274	0.186316305594	2.3932469819
275	0.209505329238	3.36673379122
276	0.21123102859	3.31757744564
277	0.195349198929	3.33111605038
278	0.198014509287	3.32199771454
279	0.198131194127	3.31769086396
280	0.212506763429	4.30207057048
281	0.202487134913	3.30896377685
282	0.227261291448	4.26548609265
283	0.203102005149	5.27222843439
284	0.227847110309	3.1924608955
285	0.222963111766	4.17383851055
286	0.183127920541	3.19614516248
287	0.179543306127	3.17842904176
288	0.223177207428	3.10303314198
289	0.25004221991	3.0397338214
290	0.250716589163	4.02630350837
291	0.230086657466	3.03544974516
292	0.237468807389	4.97381607143
293	0.227387390111	2.98211421283
294	0.200159542326	2.9973877969
295	0.193022196703	2.99049130409
296	0.249133037963	2.91771257156
297	0.244173823831	2.92172096657
298	0.227583537226	2.91674996159
299	0.246182587345	3.89646006278
300	0.246176100741	2.87574384432
301	0.20904332735	2.78972641082
302	0.132854314187	2.85192873479
303	0.132413306931	3.83739135529
304	0.184916662217	3.72353364
305	0.191115194525	3.71338859577
306	0.17579854795	3.72803471858
307	0.179548400783	3.69933098898
308	0.18429577611	3.63548099903
309	0.123492392485	3.68959800154
310	0.184282260361	3.62668177746
311	0.139752966825	3.66079559068
312	0.182971820817	3.54837825504
313	0.166506860634	3.4966257654
314	0.20593787985	3.44298826658
315	0.221454084003	3.41837386269
316	0.162288984389	3.47673972588
317	0.196217778437	4.40325839349
318	0.207670078746	3.35709093409
319	0.166101326337	3.38648853309
320	0.202785882393	3.30826045465
321	0.227936960586	3.23344023923
322	0.181033358269	3.27999457445
323	0.245555212945	3.14182547962
324	0.230073718429	4.11205515925
325	0.239703489879	4.07106441234
326	0.215120800026	3.09121141181
327	0.244160913235	3.04887009097
328	0.246127174108	6.02541112967
329	0.219983131058	4.04538714911
330	0.194895815257	3.06380645016
331	0.253370514159	2.98413897582
332	0.245694236415	3.95737016558
333	0.234455189944	2.96686686763
334	0.231611183806	2.93465403882
335	0.179377537716	3.98592073176
336	0.212473510268	3.94771393178
337	0.189312665816	3.95879731915
338	0.235408480258	3.91089543516
339	0.229982713411	3.89534663054
340	0.217902814923	2.90567852599
341	0.214927918358	3.90759268191
342	0.229401798093	2.88954562509
343	0.281648620594	2.82823205966
344	0.226157197119	3.88126698769
345	0.201563740529	2.89714038885
346	0.237099085145	3.81175024119
347	0.256766679327	3.78504184553
348	0.239110056012	3.800893982
349	0.234023049725	3.80357197008
350	0.261270881896	3.76249484758
351	0.267622047967	3.74303601473
352	0.288035452744	4.71153475387
353	0.260276860627	3.7364825793
354	0.150719885339	3.83649134819
355	0.182170287052	3.74348347706
356	0.151498283193	5.7534569457
357	0.190284363736	3.70144992864
358	0.213410444955	3.59655949595
359	0.206433673963	3.54023129356
360	0.218670576098	3.51885009454
361	0.185215387343	3.52823870473
362	0.21316206586	3.4745973022
363	0.201668768185	3.45902119127
364	0.200743258456	3.44199252447
365	0.105646131674	3.53501711887
366	0.187530355912	3.43857669969
367	0.20335093835	3.40262622713
368	0.191423789716	4.3889448904
369	0.187664994256	3.38077793014
370	0.19561391316	4.34163500765
371	0.249116649323	4.27030851641
372	0.228434513191	4.28544882027
373	0.198311617821	4.3066825478
374	0.202439783545	4.27214689347
375	0.162460870416	4.29578616612
376	0.224457627829	4.20751567563
377	0.264554654001	4.16568317318
378	0.198779934859	4.21861220314
379	0.238321257643	4.16297606056
380	0.234546179903	4.11932972277
381	0.180035523676	4.14732261967
382	0.256121765714	4.04242849729
383	0.234456618818	4.05561996802
384	0.215597743911	4.02603235878
385	0.261105978788	3.98034282669
386	0.242234710564	3.97124456875
387	0.208234951349	3.95136750949
388	0.291704350476	3.82306581519
389	0.264691885162	3.8497191245
390	0.267392625601	3.79838800224
391	0.215597411601	3.82061809153
392	0.263172218273	3.7726807236
393	0.252593531976	3.78283884959
394	0.186547560307	5.83307434689
395	0.208282500952	3.78695048412
396	0.158189164631	4.81669159468
397	0.147635712393	3.75746838963
398	0.202105796063	3.69135586389
399	0.161582849331	4.7044637564
400	0.140247345467	3.70650790224
401	0.18472329162	3.65174335942
402	0.181224285591	3.61613338209
403	0.165428440325	3.57376016782
404	0.225311355287	3.50856289052
405	0.208048559536	3.51932666899
406	0.159043975909	4.52725751109
407	0.192814467891	4.44689022081
408	0.182708992654	4.45388883936
409	0.222222722821	4.4071252953
410	0.202978550347	4.40973123713
411	0.228071659956	4.35150504952
412	0.16804645514	4.41141086993
413	0.197936532212	4.37516152978
414	0.144801539924	4.38712820463
415	0.17043112698	4.36039110882
416	0.236729411454	4.27899680963
417	0.19753087726	4.29087140983
418	0.230938328211	4.24230569326
419	0.212807841403	4.24391655114
420	0.269787505372	4.1865102683
421	0.223492141914	4.2105261938
422	0.252506472453	4.17193369744
423	0.215062803653	4.16063257875
424	0.215348577008	4.14516415825
425	0.21818074785	4.14121583408
426	0.227820776164	4.11743002973
427	0.27419501879	4.05826247036
428	0.24489375296	4.06972698191
429	0.265659929769	4.04870082959
430	0.256171092433	4.05157445443
431	0.241866367117	4.0503693131
432	0.262898554078	4.01272281366
433	0.211223147672	5.04572296067
434	0.233570179876	3.99612347355
435	0.295600232668	3.92985534427
436	0.244018200052	3.97900462162
437	0.280041662767	3.87490842302
438	0.259457834358	4.856617927
439	0.296814435489	4.81602298843
440	0.318230016541	5.77977225055
441	0.24935748583	4.83531664055
442	0.233861075753	4.80624296081
443	0.263776369629	4.77125111673
444	0.28692306795	4.73705789676
445	0.259107121408	4.74929313781
446	0.19065379332	4.77854396115
447	0.207674072591	4.74497263311
448	0.165800937242	4.78604537598
449	0.218015513366	5.7047005364
450	0.153342118618	4.75020772919
451	0.214779700381	4.64898783435
452	0.212528761576	7.64736482037
453	0.225421869162	4.61549315538
454	0.219219681624	5.60904548214
455	0.184934271948	5.64186916086
456	0.20903071696	4.60928480057
457	0.260739164832	4.55117941995
458	0.183168588153	4.62613331479
459	0.225950848599	4.57051275426
460	0.197419818108	4.59897053923
461	0.241625387952	4.55108500378
462	0.19558140191	5.58701693768
463	0.262616846085	4.50483782852
464	0.19269547218	4.56647833774
465	0.243119571764	4.50706850653
466	0.175775647569	4.56504560745
467	0.276281506429	4.44307174952
468	0.193141060733	5.51452712916
469	0.201006282021	4.4933407144
470	0.218750577033	4.37648660363
471	0.261469559816	4.29901112919
472	0.255689983272	4.29552915255
473	0.254931186513	4.25400510638
474	0.31072860815	5.19065582702
475	0.261278700234	4.20347507708
476	0.298990728266	5.14959951969
477	0.267108859881	7.15923933315
478	0.247119705977	5.17265075403
479	0.198380270931	5.19975991281
482	0.293681870161	7.0840887512
484	0.296630675201	5.06691172247
485	0.258832761153	5.0735462772
486	0.284701126255	5.04093809588
512	0.220702921754	3.75257210663
513	0.222440108807	4.72187136547
514	0.253013976914	5.65210408617
515	0.256401249629	4.6459277833
516	0.270232022936	4.63021815936
517	0.250921477794	4.64130404311
518	0.208311028806	3.68385092179
519	0.179051301805	5.69927739414
520	0.199275266703	5.67262332351
521	0.283093780472	4.55014665519
522	0.245267932845	6.58442130805
523	0.155788645503	4.66782209756
524	0.237278146815	3.5844945843
525	0.237965439935	4.56998501545
526	0.249569577693	5.54621122333
527	0.291155735164	4.48366818569
528	0.256560909675	4.46108070672
529	0.227582398757	5.48384455823
530	0.255335568126	4.40645173419
531	0.261175270594	4.35622771506
532	0.305171057517	5.29363222012
533	0.249715656657	4.34375935129
534	0.228825278484	6.35829990179
535	0.323156212261	5.24963847019
536	0.292937051396	5.27963553433
537	0.251023077003	4.31027976708
538	0.33114184981	4.22599901429
539	0.287131571031	4.24277690212
540	0.26662353576	4.25851042152
541	0.288276293972	4.20546476838
542	0.286380827723	4.17296266568
543	0.263779246252	6.16308948701
544	0.338671114702	5.082372923
545	0.242182462293	5.17434807134
546	0.262350363141	6.13596853197
547	0.284910819514	4.08085814093
548	0.312131948903	4.01243718445
549	0.349257544425	4.9677370142
550	0.27665575009	6.02817640828
551	0.316461280167	4.98001271994
552	0.313679028386	5.9711219843
553	0.302145255357	4.96808070206
554	0.331850984518	4.92808831623
555	0.299017266809	4.93786003768
556	0.332905232499	6.88740303538
557	0.273189901338	4.89990997088
558	0.307498273814	4.86543889956
559	0.301043810673	5.87112422784
560	0.29936749392	3.81881369138
561	0.337452466793	5.75923746091
562	0.407862159835	4.67575451266
563	0.325420042928	3.74796169262
564	0.344101421785	4.69411519396
565	0.267340242591	4.6894567271
566	0.226316440375	4.72911030494
567	0.225027727368	4.71229140254
568	0.227431713767	4.70507907229
569	0.22550131437	6.64623162258
570	0.26503645275	4.60082683396
571	0.260849071968	4.56985230398
572	0.229898204416	4.59690842003
573	0.242294217696	5.58230359138
574	0.272482496518	4.53770925043
575	0.277630656128	4.46447262844
576	0.26847042287	8.40665489903
577	0.325100445053	4.29424844983
578	0.223797771776	5.34925844856
579	0.294267021808	4.27368732111
580	0.29553233639	5.19961343992
581	0.266285937784	4.22802897651
582	0.273125967132	4.21576240083
583	0.330547654294	5.1550171949
584	0.308548185964	5.10927037905
585	0.318168960786	4.06303689128
586	0.247502882713	6.12768700089
587	0.298822519491	6.04884856038
588	0.313768384703	4.02165794743
589	0.292546633618	5.02691146549
590	0.329554134539	4.98806870773
591	0.300330584367	4.99648501375
592	0.315848317865	5.96740797188
593	0.253187805604	6.01743129889
594	0.332867129415	5.88929272936
595	0.294188394853	6.92068403299
596	0.346105576888	4.84571444767
597	0.3264558238	6.84504815747
598	0.354371242143	3.81699149063
599	0.312044745869	5.85506692556
600	0.347538676348	5.80814693437
601	0.331541768868	4.82253469966
602	0.29356633671	5.84434623
603	0.350759484673	4.78616376378
604	0.30716309686	4.79631950939
605	0.322313255727	6.76610149704
606	0.34761012893	7.72322332655
607	0.351057696774	9.68952254987
608	0.357443360032	4.65254519862
609	0.342815623814	5.6568951457
610	0.335840824088	5.66380694402
611	0.272967616508	5.71476983458
612	0.196831260571	4.77024393714
613	0.22325869144	5.74002714799
614	0.246270855223	5.67924220015
615	0.266603241657	4.65382674478
616	0.261775107614	5.6088074951
617	0.260449514264	6.60464303725
618	0.272276335336	4.58542872362
619	0.18743809162	4.66385809774
620	0.185953714363	5.6633588195
621	0.296124724916	6.55014991384
622	0.273843491027	5.55375747179
623	0.276471432897	5.52818267197
624	0.306629226346	5.49717807844
625	0.304716032841	6.47966306294
626	0.346451313746	4.4150869636
627	0.285374223703	8.42177762842
628	0.269857950037	6.43500596729
629	0.285695958113	10.4171536265
630	0.279279509882	5.40554813838
631	0.288881670099	5.35418326322
632	0.304801718554	4.32618372774
633	0.293490284867	4.31655850477
634	0.288936385156	4.30120576103
635	0.309771601941	9.22898162501
636	0.26101019678	7.23633899686
637	0.303366774225	4.17384099257
638	0.268698213916	6.20802667925
639	0.288539251244	5.1787109419
640	0.354260705055	6.10553571816
641	0.259555493495	5.19377958368
642	0.324235845385	5.05520320437
643	0.296001891575	6.07667292541
644	0.33884348892	6.0059782387
645	0.241639290897	5.0754917641
646	0.299022964535	5.0153508335
647	0.327489603724	5.9044899467
648	0.348940889394	5.85339307583
649	0.326819364904	7.86466151153
650	0.345300593864	6.83632212167
651	0.376790502067	4.80064385436
652	0.36207306387	5.79307836341
653	0.345283559173	3.80904954528
654	0.347606912112	3.79279647327
655	0.357740473161	8.78140361729
656	0.329694447133	5.79836581955
657	0.352723632009	7.74022379084
658	0.372271855246	4.70586232272
659	0.356393179994	6.70981332734
660	0.385537501018	4.67502990182
661	0.364046684826	6.6911708579
662	0.405024397337	5.62952938034
663	0.362413871722	4.66961184026
664	0.374646140901	5.63665502409
665	0.355817116516	6.65153336142
666	0.184066221963	4.7931344601
667	0.249732105173	4.72179826174
668	0.237503742464	4.71431337236
669	0.240985172425	5.70955210058
670	0.243995835441	4.68042450992
671	0.263992151495	5.62763113999
672	0.265996969018	6.62206162205
673	0.243423860353	6.62375029929
674	0.263446342457	6.59477170753
675	0.279810757496	5.56699554825
676	0.265936418803	5.5805497467
677	0.255873413537	5.57652884579
678	0.293938186329	7.52832464847
679	0.15934747966	7.65483325071
680	0.294230027501	7.50513365828
681	0.315474277431	6.47913689917
682	0.269431053926	9.5189130497
683	0.258435900758	6.52843899137
684	0.308414815425	5.46728488569
685	0.304380604025	7.42432876167
686	0.310671660367	5.3747149575
687	0.35533257432	5.32893472936
688	0.252234062204	8.4287822996
689	0.345878360948	5.32223070712
690	0.309904240303	5.34925767427
691	0.299169619883	5.35915493032
692	0.279821748818	5.36814403506
693	0.300175246029	5.34024867976
694	0.355901277645	6.25989230577
695	0.336711948562	6.27629290704
696	0.292507399744	5.31961830505
697	0.322400206635	6.26776433995
698	0.362477986149	5.22037402673
699	0.330009557144	6.19132307844
700	0.302891159694	7.21488489014
701	0.288403014243	7.22283842772
702	0.3134713595	6.19245473232
703	0.334065138014	7.14819682621
704	0.355729571097	5.1236876568
705	0.308937821312	5.16645447916
706	0.361972622217	6.00964667961
707	0.313871945743	5.03540972789
708	0.35624706054	5.99139872161
709	0.33693631855	6.99590565528
710	0.330962214578	5.96342158714
711	0.414872587392	5.86740434663
712	0.349407227055	6.91285170902
713	0.377689708071	7.84044257316
714	0.383671853296	7.8211948793
715	0.359414242939	5.84246381211
716	0.371327750702	5.8163125421
717	0.430095423215	7.74206147835
718	0.420589033234	5.7412499852
719	0.358306972214	5.78904766658
720	0.444454374468	5.69858326761
721	0.424775993835	8.70411454691
722	0.388009349947	8.73819521468
723	0.392446454539	6.72124568046
724	0.409490131526	5.69746407442
725	0.37567773698	5.69512766467
726	0.396813042646	6.64876234254
727	0.39959056945	5.63586353682
728	0.347736416953	5.60734180375
729	0.263137039316	5.64971619445
730	0.322801609578	5.5845590227
731	0.24855570678	5.65235867928
732	0.204435226166	5.66318580579
733	0.323473469958	5.54156142308
734	0.333517680738	6.52014862392
735	0.327086633433	6.50944329135
736	0.328761222996	6.49572898265
737	0.330921350276	8.48012287479
738	0.285733633705	6.52002831868
739	0.254835740797	6.53600789323
740	0.241058539282	6.5292986497
741	0.29643978992	6.46702173805
742	0.320884558483	6.42512460357
743	0.322542841072	6.40696130629
744	0.372653501268	6.33130059595
745	0.35793056024	6.34391645866
746	0.333850793808	8.33211457112
747	0.360764434608	6.21704344313
748	0.354283667261	6.20028608168
749	0.371588487889	6.18032408111
750	0.313884811839	6.22354978364
751	0.392726681925	6.12964277888
752	0.37833116385	7.14278693315
753	0.374247350331	10.0590690081
754	0.351044879315	6.02768949006
755	0.284256452699	6.0750304846
756	0.428353256789	5.92379056205
757	0.353101681614	6.98621458662
758	0.378648004402	6.93687236016
759	0.374318295084	7.926049842
760	0.415200735916	5.88409188684
761	0.421232786254	6.85877759838
762	0.341205784012	5.90702998905
763	0.359041455618	6.87277074191
764	0.379688072624	6.84043148829
765	0.292278411651	6.92557677012
766	0.371654968733	6.80379502909
767	0.35589087541	6.76592507239
768	0.385486393143	6.71496654295
769	0.424535252069	6.65353354143
770	0.368141751555	6.7059690655
771	0.393150795749	7.66758382058
772	0.442088126509	6.6183130872
773	0.415739341678	7.59769241196
774	0.338257868469	6.6685268719
775	0.220396364705	6.74447705001
776	0.321212946659	6.60906058717
777	0.319705697027	6.60963944857
778	0.228091131873	6.69933414758
779	0.301373698107	9.62150657653
780	0.3135395192	7.57494244786
781	0.291465299338	6.5915146503
782	0.25906290328	7.60220288675
783	0.358774444276	6.48404440216
784	0.241573466017	6.53104883271
785	0.345119659562	6.41641463264
786	0.286443180994	6.45451323008
787	0.36442220711	6.34288196393
788	0.337518604345	7.31009138011
789	0.292738669493	6.32700183074
790	0.25812311583	6.33059930023
791	0.265106809543	6.32125076714
792	0.299621410361	6.27676866985
793	0.314433755389	7.2570170212
794	0.38232814686	9.09827512661
795	0.361639950531	7.09138300611
796	0.309646386254	7.14029055679
797	0.341618943368	8.06116917489
798	0.300667316705	7.06329264436
799	0.408170400025	6.93850486238
800	0.375797910355	6.95797614719
801	0.323017243076	6.9882055288
802	0.356445309183	6.92880852299
803	0.364894901935	6.90885922474
804	0.256405904501	6.97588309137
805	0.394198651282	6.83794305379
806	0.298991544029	6.89662425203
807	0.36982306963	6.80846186284
808	0.339696825762	6.8163382663
809	0.441573668211	6.68079109999
810	0.320956091764	6.77454785645
811	0.270169934963	6.81718730598
812	0.382638704543	6.66426340677
813	0.28189212588	6.7027139094
814	0.287667337688	6.68724162594
815	0.288619198271	6.67412816798
816	0.326394147229	7.63599368298
817	0.307957608759	6.608784913
818	0.319986943831	6.59457492055
819	0.212923989775	7.69736953371
820	0.266999980855	7.63508736147
821	0.220458692435	7.65251753491
822	0.292509970644	8.53413691422
823	0.271150748703	7.54460632261
824	0.156732104992	7.60950683834
825	0.261204805981	7.47988883121
826	0.27387330436	7.45506175342
827	0.300073557025	11.3865649476
828	0.341682616802	7.34058890984
829	0.153666876784	7.47363927867
830	0.356170943009	7.24886237791
831	0.369769561784	7.22047580604
832	0.287181403053	7.27654672201
833	0.338500281777	7.18152714635
834	0.360602009126	7.15540659653
835	0.314488015628	8.15257237005
836	0.367611367081	9.08808287828
837	0.374230771362	7.08072319628
838	0.329598368236	7.1030767041
839	0.301943938023	7.09275720277
840	0.374065715602	8.01356969693
841	0.360458744837	8.02668712431
842	0.370223219304	8.01288945468
843	0.311312851704	7.06155727369
844	0.32093109471	7.00571963046
845	0.340578344566	6.98190026207
846	0.300938165184	6.97563746102
847	0.398167834372	7.86359345892
848	0.376003716641	7.87510542483
849	0.354984985512	6.89517170069
850	0.300012354344	6.93761492246
851	0.36752220631	6.84440501397
852	0.367062423558	6.8127090948
853	0.396073269695	6.77171118542
854	0.341489124593	7.81752229057
855	0.357268348153	6.7910675565
856	0.392796049547	6.7539500668
857	0.356342009805	6.78805694594
858	0.431978073634	7.69962190018
859	0.309591018405	7.8206176978
860	0.418037215028	6.70323168898
861	0.363956620099	6.75343135566
862	0.353750916033	6.74303906649
863	0.396828127388	6.64638940058
864	0.402734805933	9.63926726948
865	0.336241359777	7.69693081668
866	0.416372209577	9.61385854461
867	0.406607029524	7.60927587505
868	0.465012082374	7.53729654869
869	0.404791419018	7.59680319732
870	0.134645963315	7.84173197398
871	0.196330447223	7.77117501629
872	0.331061244079	7.629115267
873	0.268586413591	7.68988994545
874	0.225364698609	8.72198348502
875	0.304683461115	7.63862223345
876	0.277883687285	8.64165782256
877	0.298817859574	7.60680880338
878	0.292117345447	7.58857327347
879	0.283208761237	7.59630266692
880	0.247028079929	7.61781642966
881	0.303335070559	7.53478251431
882	0.333290820807	7.43188177439
883	0.290188375458	7.45976582336
884	0.361330812538	7.37971152855
885	0.322001275076	7.40815703445
886	0.327896651147	7.37635247958
887	0.215719056038	7.45601600424
888	0.350396048259	10.2813325536
889	0.322439688177	7.30709338268
890	0.272081300784	8.35654122004
891	0.315348720152	7.28201121503
892	0.39014874652	8.1942869098
893	0.410518039707	8.06804897343
894	0.32081173229	8.14926608941
895	0.382375698696	8.05903028613
896	0.376091804352	8.05349281902
897	0.432810495395	7.97131973744
898	0.438551069029	7.96457522482
899	0.358701144386	8.03692584042
900	0.305493542938	10.0461942983
901	0.396860670804	11.9506069226
902	0.367038025422	7.95984780797
903	0.395715793602	7.91551948144
904	0.314654911491	7.99388315764
905	0.427205182657	7.87117162342
906	0.355749820032	7.92239067919
907	0.431201372423	7.84680888024
908	0.337033893074	8.90506532795
909	0.406724913107	8.8012879635
910	0.394385222572	8.74494450848
911	0.306058294501	7.80628243826
912	0.467284862194	8.64337561835
913	0.439491851846	7.67038140905
914	0.406600648495	7.69346199163
915	0.398959138343	7.70051331956
916	0.346451249006	7.75007037884
917	0.378792207879	10.712276612
918	0.414723799139	9.65193141786
919	0.401081883731	7.66333869922
920	0.434291766557	7.60309761283
921	0.475243421621	11.5532294863
922	0.470752996011	7.55766750996
923	0.230778730382	7.74064573044
924	0.383783809633	7.5562955496
925	0.40539004413	7.53391581322
926	0.396957187489	7.5145363947
927	0.317442074794	7.59332249496
928	0.259380002132	7.62356336435
929	0.270854244073	7.58061137109
930	0.362401120988	7.4692661302
931	0.298976612113	7.52086300944
932	0.243079829408	8.53561256131
933	0.356539332976	8.39286861429
934	0.272524339045	8.42662010373
935	0.2339178845	8.46261995384
936	0.345985572405	8.33580200584
937	0.345330345849	10.3315704237
938	0.302705476331	8.32352170474
939	0.490678194451	8.1287901016
940	0.336475751964	8.26367379323
941	0.304328477429	8.2792665405
942	0.448682175409	8.08850709808
943	0.405667490395	11.0811627344
944	0.409187986748	8.06438204504
945	0.415935271442	8.04604048619
946	0.348726022318	8.08393052464
947	0.401369531807	8.02472999789
948	0.426600936136	7.94822118614
949	0.473762191602	7.88557452276
950	0.36603192915	7.98053839202
951	0.3612794912	7.97584895805
952	0.383902527215	7.95232842635
953	0.364870346374	8.96231152598
954	0.364457387119	10.9446828114
955	0.437176534489	7.85296105936
956	0.483293510531	7.7957242166
957	0.365493994384	7.90199785457
958	0.445047217894	7.78793696966
959	0.478578487571	8.74513574747
960	0.400587646547	7.80979137999
961	0.482153487409	7.72445247411
962	0.425454809632	7.76536501133
963	0.446006162929	7.73682781596
964	0.44169116064	8.71770957721
965	0.409068226955	7.70977225787
966	0.438238106488	7.64118559334
967	0.43940861932	8.59701174652
968	0.385216478747	8.65100479912
969	0.514257194461	8.51448182532
970	0.259586566067	9.72443620745
971	0.360080519537	10.6232803992
972	0.299270081228	9.67583988748
973	0.331838981076	8.63466553648
974	0.419302787561	8.53291699926
975	0.378562193947	8.50274317051
976	0.377038212877	8.50339283754
977	0.34046414836	10.533629515
978	0.384714318788	8.44259466797
979	0.270562597448	8.53161242645
980	0.448794041578	8.31532549498
981	0.432904114835	8.32744954009
982	0.374289948683	8.37413450225
983	0.372085921501	8.3415758572
984	0.39958624702	8.28751352566
985	0.389594758375	8.24542411847
986	0.419407664497	8.21087429955
987	0.458255067305	8.14084313683
988	0.400316180582	8.18714376305
989	0.45668169069	8.11526466926
990	0.3861595538	8.16621830662
991	0.443491516284	14.0440327106
992	0.423580102553	8.06287986325
993	0.485514702324	7.94903336508
994	0.422558441283	8.01148470701
995	0.336185506322	8.08313791831
996	0.388155598556	8.0210491981
997	0.412460975393	7.98849827503
998	0.448723427165	7.93554810263
999	0.451841640878	7.91561130067
1000	0.448985644538	9.86120314665
1001	0.443162434171	8.86362159996
1002	0.447208878567	8.8562694815
1003	0.461919414613	8.83530322094
1004	0.36328922147	8.92916589148
1005	0.469193750748	8.80068388512
1006	0.324054621804	8.89207844074
1007	0.420767671861	8.74340708216
1008	0.409999551265	8.73282574144
1009	0.438169620705	8.6923165454
1010	0.435374864169	8.69399882383
1011	0.402015527172	8.72046538428
1012	0.377724755581	9.7408870653
1013	0.464061143562	8.59877625232
1014	0.398960764809	8.66357775986
1015	0.491321598286	13.5367612073
1016	0.484810692677	8.52505829624
1017	0.30959877625	8.67673332739
1018	0.387210208603	8.59749270467
1019	0.38664747315	8.59697527094
1020	0.339728161891	8.63712927635
1021	0.270307131499	8.65515956765
1022	0.406714573873	8.49612345978
1023	0.33234298916	8.53766012686
1024	0.425641736105	8.43634269093
1025	0.434584720567	8.40750784647
1026	0.386931169868	8.42955285289
1027	0.401132628056	8.40962890431
1028	0.434791685819	8.3641901416
1029	0.404377959537	8.3727097228
1030	0.308386357772	8.45398919482
1031	0.44185863275	8.27085149614
1032	0.354976800179	8.35706228449
1033	0.377800447176	8.33406823535
1034	0.435739472228	9.27479958474
1035	0.362929710894	9.33407941276
1036	0.341093396351	9.35473393327
1037	0.433465638268	9.25511010603
1038	0.471580911771	9.15586469397
1039	0.481358166085	9.09108487704
1040	0.360184634834	9.2119800771
1041	0.351566027685	9.21111513541
1042	0.424280372501	9.12502089611
1043	0.437953075806	9.07187937769
1044	0.412657610631	9.04738296691
1045	0.509981206725	12.9227322698
1046	0.448886389974	8.93422589301
1047	0.452153350095	8.91561447323
1048	0.406771403187	8.94037889093
1049	0.402537747723	8.91449627429
1050	0.447366212104	8.83015748274
1051	0.481837137562	8.7730384977
1052	0.479862540905	8.75426888317
1053	0.501909504647	9.72951835496
1054	0.488276690185	8.74126133073
1055	0.514510481051	8.70470514302
1056	0.542068989335	8.64002243468
1057	0.496987587584	8.67878085656
1058	0.467400736839	8.70084443346
1059	0.355174521596	8.8129246483
1060	0.474550619268	8.68113863188
1061	0.47089505779	9.67715819282
1062	0.367797500212	8.75888863441
1063	0.487894532282	8.60893289356
1064	0.473729050825	9.62284153905
1065	0.499473409046	9.59685006623
1066	0.434546715431	9.61998556855
1067	0.483337409305	9.55190493073
1068	0.454552336005	9.57518234503
1069	0.444442311455	10.5824486896
1070	0.498126918051	9.52398658656
1071	0.46190982718	9.55788593037
1072	0.394389862567	9.60602724422
1073	0.346543498255	9.63209735286
1074	0.390897875502	9.53187989316
1075	0.28660953287	9.62310431384
1076	0.297300062743	9.56141154432
1077	0.348715086451	10.5027159989
1078	0.422928846094	9.42023899321
1079	0.484340451921	9.35838366307
1080	0.370918768431	10.4703481694
1081	0.361045359353	9.45921823366
1082	0.367832834753	9.44952178052
1083	0.462260524645	9.3546680942
1084	0.401689329014	9.37060410137
1085	0.365243760193	9.3796272529
1086	0.410364583201	9.33164051212
1087	0.374056691301	9.36547170615
1088	0.413652673113	9.27078110006
1089	0.417716173968	9.25747222516
1090	0.376515447893	9.29193424014
1091	0.467179167047	11.1809473743
1092	0.450916194515	9.19172075373
1093	0.413464983062	9.2225439418
1094	0.46070541627	10.1632729289
1095	0.436301968358	9.18119995878
1096	0.416732062548	9.19152107562
1097	0.430159210408	9.17143417098
1098	0.424170518387	9.1480148842
1099	0.463479840143	10.1031837296
1100	0.451453258589	9.11335388495
1101	0.440792631854	9.12137987117
1102	0.487267323191	9.06081562475
1103	0.448603266167	10.0896332284
1104	0.437690592991	10.0930617987
1105	0.48053576852	10.0393999468
1106	0.48733322965	11.9663639524
1107	0.482936129069	9.9526689121
1108	0.438602564483	9.98260806505
1109	0.459371897732	9.95972816977
1110	0.472818133798	9.93471555622
1111	0.446762578783	9.93228893331
1112	0.440936042381	9.92364820615
1113	0.485169812617	9.87118856457
1114	0.437618412959	9.91776327183
1115	0.420151525683	9.92793093387
1116	0.517290594859	9.8176463749
1117	0.552746028242	9.74180653557
1118	0.376489434528	9.88634608294
1119	0.508776651134	9.73562281863
1120	0.560239250354	9.67330480447
1121	0.453162744398	9.77432424309
1122	0.492843091831	9.72565288995
1123	0.49291226311	9.71479609648
1124	0.549168373488	10.6360291479
1125	0.52672839446	9.61793579009
1126	0.458918936511	9.67214386523
1127	0.518285599323	9.57269749124
1128	0.522884806458	9.53061277233
1129	0.518922028795	9.53346721864
1130	0.414150745068	9.53864223464
1131	0.420505578244	9.51977881679
1132	0.461882723634	9.45471815985
1133	0.432250516371	9.46708931986
1134	0.455676078596	10.4423083839
1135	0.443043634176	9.42546522069
1136	0.376809039477	10.4423213164
1137	0.395145368536	10.4198396999
1138	0.429124803044	10.3840321453
1139	0.447137591974	10.3369252332
1140	0.458736205352	10.2998895718
1141	0.339716050571	10.4053056841
1142	0.375819939136	10.3685655261
1143	0.437054036216	10.2805910781
1144	0.382543884257	10.3270446719
1145	0.462750174597	10.2447040646
1146	0.429112029387	13.2684555815
1147	0.451065903205	10.2446460482
1148	0.462299231124	13.1651466766
1149	0.423552973618	10.1656011136
1150	0.447544454888	11.135149791
1151	0.449919218	10.1263922203
1152	0.411268188623	10.1645893563
1153	0.486026786783	10.0838546095
1154	0.484965603597	10.05326228
1155	0.343501135282	10.1678786714
1156	0.399907444066	10.0986772125
1157	0.38058139433	10.0936845279
1158	0.515830836706	9.93824395988
1159	0.502171486735	9.93000856188
1160	0.417851862803	10.0123783704
1161	0.557850897285	9.86002115617
1162	0.488810320031	9.89684540514
1163	0.537296229256	9.84588622501
1164	0.488167626591	10.8652835921
1165	0.547634154786	9.79844162156
1166	0.525519549677	9.80753055258
1167	0.493666314634	9.81424321183
1168	0.450996524929	9.81588792273
1169	0.506671913267	9.74986957181
1170	0.43997830092	9.8082486565
1171	0.487226196122	9.72533180462
1172	0.556619875247	10.5826230038
1173	0.50282666446	10.5762944703
1174	0.521881307624	10.5410453519
1175	0.488386663848	10.5635265476
1176	0.560651972819	10.4754691641
1177	0.382895840362	10.591206545
1178	0.314947844923	10.6572312264
1179	0.476661574405	10.4325456214
1180	0.415480458296	10.4852718607
1181	0.426341212349	10.4723069946
1182	0.373224616399	10.5144435317
1183	0.394056057423	10.4650917964
1184	0.358080615389	10.4844477378
1185	0.498466825222	10.3372970845
1186	0.445816592075	10.3578759779
1187	0.399650662687	10.4025768896
1188	0.499947632052	10.2825221916
1189	0.438859603199	10.3366988409
1190	0.447046851815	10.2266903931
1191	0.467761149303	12.2052097002
1192	0.520423258806	10.1393976577
1193	0.406969898921	10.2474208904
1194	0.435812463408	10.1625410104
1195	0.487729193563	10.0972906079
1196	0.547065756329	10.0015750863
1197	0.422674298836	12.1187264082
1198	0.377392330078	10.1395095674
1199	0.477353346014	14.0385271174
1200	0.423646871791	12.0695470617
1201	0.490124741007	9.97281782376
1202	0.50421158744	11.9395749595
1203	0.411315101445	9.96810593458
1204	0.404075257351	9.9725288314
1205	0.53920882666	9.80834905565
1206	0.491940744896	10.8171976532
1207	0.470510602337	10.8116663041
1208	0.420549833334	10.8098828262
1209	0.49881387353	10.7260342125
1210	0.438384036343	10.7846728135
1211	0.479076800288	10.7278492801
1212	0.47077742675	10.7172294277
1213	0.499525262197	10.6796326525
1214	0.49554919766	10.6770685568
1215	0.480148809332	10.6750082037
1216	0.467272090024	10.6638467305
1217	0.509587889059	10.6095295176
1218	0.485349935041	10.5829063132
1219	0.536947607226	11.5266145656
1220	0.591552244896	10.4694165143
1221	0.370193800206	10.6818195282
1222	0.541431745791	10.5042693174
1223	0.573124319473	10.4663085043
1224	0.577476399119	10.4501752663
1225	0.33731714709	10.6337082895
1226	0.336176193832	10.6291358493
1227	0.290050122015	10.6580427057
1228	0.361514801222	10.5775460377
1229	0.438978430988	13.4634842373
1230	0.337528178171	10.5461704264
1231	0.501159226561	10.382515486
1232	0.428426021507	10.4293276994
1233	0.491106896578	10.3547428636
1234	0.464857829826	10.3390096728
1235	0.417790675952	10.3733993902
1236	0.505311953819	14.2482194125
1237	0.428681517524	10.3008818297
1238	0.504371995215	11.1790507956
1239	0.430623600695	10.2438636363
1240	0.46502183081	10.208867088
1241	0.444960328975	10.2177557333
1242	0.363806242605	10.2887342871
1243	0.45948537559	10.1925301385
1244	0.491634546883	10.1511774282
1245	0.592664705224	10.9599268126
1246	0.458647721727	11.0761836965
1247	0.510169750368	11.01817269
1248	0.484278426888	11.0284227702
1249	0.488028334984	10.9421326218
1250	0.52661470856	10.9006131834
1251	0.470645334669	10.935255376
1252	0.552722201381	10.851652043
1253	0.547515897348	10.8314734482
1254	0.539263659288	11.8379796798
1255	0.484015893771	10.8725200823
1256	0.542040133813	10.8071340437
1257	0.549314659359	10.7904165108
1258	0.499880360918	10.8392312641
1259	0.442720199985	10.8926719934
1260	0.462362458507	10.8568786805
1261	0.544095313104	10.760758059
1262	0.528286383015	10.7240762897
1263	0.467830102733	10.7566559217
1264	0.501879756545	10.7173890072
1265	0.491050108422	10.7241471941
1266	0.533623685811	10.6250509726
1267	0.427855213308	10.726199866
1268	0.454770919711	11.6351488051
1269	0.459492498238	10.6257434876
1270	0.556455210683	10.5028334704
1271	0.567922269834	10.4773387925
1272	0.442055789264	10.5793330794
1273	0.545288875938	10.4745453749
1274	0.441146055999	11.4716574827
1275	0.491078878185	11.4209526267
1276	0.516166663696	11.3874859929
1277	0.405032950971	11.496324667
1278	0.445840420381	11.4509223434
1279	0.444029304977	11.4401506326
1280	0.480591141449	11.3902741998
1281	0.465490733119	11.3785228788
1282	0.440317524905	11.3615031723
1283	0.382837279825	11.4154281555
1284	0.558129698338	11.2173110018
1285	0.453718790486	11.302832161
1286	0.499774603797	11.2393188545
1287	0.566692430283	11.1042848662
1288	0.472751699355	11.1799645405
1289	0.537328592602	11.0625216203
1290	0.519598749139	11.0636557552
1291	0.535072307617	10.9946973706
1292	0.518975790626	11.0049185568
1293	0.567478386648	10.7803337905
1294	0.515702229308	10.8161599195
1295	0.564592067667	10.7595542785
1296	0.544151443233	10.7381641166
1297	0.465813239252	10.7750086715
1298	0.576413436277	12.6516604917
1299	0.538269791153	10.6189542597
1300	0.545192470439	10.5934631927
1301	0.647618599529	10.4902170378
1302	0.591701516899	10.5424270135
1303	0.499830325351	10.6155767526
1304	0.487830066806	10.6242872914
1305	0.50408896725	10.6004439778
1306	0.478051823375	10.5844682824
1307	0.512289820466	10.5116071439
1308	0.42642513491	11.5911423188
1309	0.466598036506	11.5230864738
1310	0.454933824835	11.5161204245
1311	0.520112792437	11.4322644484
1312	0.291801117562	11.6287865992
1313	0.478037184155	11.3825776568
1314	0.414750964851	11.4346014453
1315	0.586601270811	11.2527301381
1316	0.49504828257	11.3326958121
1317	0.477875779524	11.2982556678
1318	0.537251833178	11.2360788732
1319	0.466624070509	11.2980023071
1320	0.352247497153	11.4067705139
1321	0.524744392948	11.2264004707
1322	0.388981842931	11.3296846275
1323	0.469183902137	11.2381206125
1324	0.461971293206	11.2419870211
1325	0.416534111376	11.2800396284
1326	0.490274789452	11.1935959344
1327	0.409484624686	11.274166897
1328	0.435777345229	11.2409288721
1329	0.416361563526	11.2127674975
1330	0.445241572569	11.1726289346
1331	0.398826086661	11.2123096206
1332	0.429303728653	11.1130969924
1333	0.40249531684	11.0708615718
1334	0.584684088019	10.884272207
1335	0.598351394564	10.8578101712
1336	0.523526695114	11.9117508451
1337	0.558842565742	10.8718546903
1338	0.588193091558	11.8271212745
1339	0.586307027687	10.8173015613
1340	0.487464735319	10.8940172442
1341	0.475045232742	10.8122327667
1342	0.470746594495	10.8026817309
1343	0.513865879283	11.759482285
1344	0.647403377039	11.6215647677
1345	0.570827179695	11.680369842
1346	0.520141512988	12.6644841556
1347	0.545063466263	11.6253540317
1348	0.558209512395	11.6047487659
1349	0.559741346102	11.5841371944
1350	0.658226499462	12.4766920034
1351	0.651489468785	11.4814155654
1352	0.584545495792	11.492377873
1353	0.544548259185	11.5307869138
1354	0.573379014597	11.494840469
1355	0.650478190916	11.4168746038
1356	0.680070060603	11.3766484936
1357	0.613212961169	12.443161985
1358	0.618778070243	11.425342143
1359	0.529672058369	11.5090342524
1360	0.484162070956	11.5333499196
1361	0.445469979664	11.5121330386
1362	0.438452748881	13.5066620278
1363	0.503369404409	11.4033897198
1364	0.456372311755	11.4443015308
1365	0.513480867279	11.3737220829
1366	0.489336215908	11.3843923276
1367	0.403626086377	11.4302753195
1368	0.517576461296	11.3056440603
1369	0.544619797862	11.2629663549
1370	0.595114016847	11.2079323127
1371	0.455818425332	12.3409450245
1372	0.547305171117	11.2401395838
1373	0.527277951944	11.2090823224
1374	0.463880972884	11.2632148996
1375	0.481483660818	12.2386577696
1376	0.535989938854	11.1079775824
1377	0.582020189814	11.0607310132
1378	0.586549700339	11.0345650407
1379	0.582458590838	11.0157612192
1380	0.556239938743	13.0376142689
1381	0.582703948055	11.9911394974
1382	0.455959276115	12.1176330003
1383	0.591250521204	11.9635855078
1384	0.466576647594	12.079216764
1385	0.337997339529	12.1839674711
1386	0.463812538974	12.0549124377
1387	0.570141465515	11.9282393095
1388	0.538469742035	11.9595370656
1389	0.585316694775	11.9105977707
1390	0.512090388973	11.9695154369
1391	0.530624064183	11.9395562763
1392	0.604936341663	11.8524337313
1393	0.633954154511	11.8066353903
1394	0.48330533323	11.9334309137
1395	0.59037934627	11.803924951
1396	0.582437470676	11.7847671047
1397	0.569345294412	11.7928949935
1398	0.609827918236	11.697991134
1399	0.634266223978	11.6719161692
1400	0.616683309213	11.6876336255
1401	0.560164344341	11.7372577596
1402	0.659999504227	11.6280904041
1403	0.563527867941	11.7088436101
1404	0.565260548889	11.6752763515
1405	0.624599076994	13.5994539727
1406	0.601788676521	11.5976393062
1407	0.683024286484	11.4981147891
1408	0.538477205822	11.6154047459
1409	0.537343936807	12.5942551399
1410	0.693634775788	11.3786905556
1411	0.582448278733	11.4539562884
1412	0.674438646326	11.3439379939
1413	0.55593906474	12.4439950521
1414	0.418635257384	12.5781391946
1415	0.542478739397	12.4358480177
1416	0.491820691233	12.4772418019
1417	0.620882244769	12.3238897344
1418	0.562674949869	12.3819637403
1419	0.484805629146	12.4478707951
1420	0.556033969113	12.368063507
1421	0.590115857255	12.3331736101
1422	0.503170606044	12.4141587423
1423	0.513266352633	13.3975104384
1424	0.524450751272	12.3670328366
1425	0.588061954804	12.2890471574
1426	0.587252659417	12.268468605
1427	0.595172142763	12.2230769988
1428	0.551553502387	12.2308123896
1429	0.494559601144	12.2669056974
1430	0.560944315899	12.1852154553
1431	0.599313881964	12.1348681956
1432	0.577779033357	12.1482258872
1433	0.568619274852	12.1569382438
1434	0.564319512815	12.1549570957
1435	0.56117755698	12.1527805908
1436	0.54644633912	12.1505116155
1437	0.599705902414	12.090632163
1438	0.648306117948	12.0085014656
1439	0.620902642757	12.0319553992
1440	0.578139918643	11.9231586804
1441	0.569658951445	15.9272483525
1442	0.619072995459	11.8678242384
1443	0.516039802018	11.9415757945
1444	0.644447075901	11.796063086
1445	0.617827366713	11.8146284511
1446	0.535259793788	12.8312095612
1447	0.63015334694	11.7322049666
1448	0.610012586186	12.7081407637
1449	0.635258783548	12.6559983005
1450	0.604590917013	12.6547908918
1451	0.604416587011	12.6421059703
1452	0.661844598265	12.5556358747
1453	0.654612669188	12.4578416048
1454	0.67420737075	12.4200865407
1455	0.626372055449	12.4485276121
1456	0.711950249496	12.351865678
1457	0.668386099794	15.3842050117
1458	0.672346694095	12.3679901349
1459	0.515509896092	13.4948260196
1460	0.741311998751	12.2506441398
1461	0.680534934021	12.2600157023
1462	0.538335480327	12.3322325291
1463	0.655273063686	12.1962353586
1464	0.627214964157	12.2071091164
1465	0.641875011848	13.171800488
1466	0.597806139094	12.1832786158
1467	0.488689979581	12.2390860523
1468	0.531513824967	12.1303555031
1469	0.530137099149	12.1265676899
1470	0.516127717797	13.1383859912
1471	0.571408187686	12.0732593945
1472	0.647983708051	11.912197225
1473	0.619940830007	11.9183620063
1474	0.570232040443	11.9620005979
1475	0.614057976978	11.9157864458
1476	0.589290916041	11.9340743908
1477	0.607283389525	11.9140347461
1478	0.5810432588	11.9339594837
1479	0.552211989588	11.9466821476
1480	0.647686235007	11.8509697731
1481	0.680664565994	11.8105167076
1482	0.573505699223	11.9112474925
1483	0.669975584359	12.7847555793
1484	0.604213179202	11.8474657202
1485	0.64948343047	12.7848883432
1486	0.572451248578	12.8613358594
1487	0.6329349726	12.7908170005
1488	0.573363937642	12.819549902
1489	0.701313019936	12.6517662326
1490	0.656658429515	12.6841453883
1491	0.582600394105	12.7545356924
1492	0.537902018437	12.7904616649
1493	0.529561900731	12.694203415
1494	0.634058790891	12.5854067477
1495	0.685701243965	12.5009479304
1496	0.469918963265	12.6349568206
1497	0.717897298227	15.3833920702
1498	0.643338575118	12.4113417943
1499	0.697494977224	12.3543359058
1500	0.566037083932	12.3835169055
1501	0.635842517371	12.2803872427
1502	0.585762534002	12.3227665061
1503	0.58213260059	17.3249603498
1504	0.514922660109	12.3566261136
1505	0.633929652775	12.2373981642
1506	0.564863311126	12.2927989912
1507	0.638307566591	12.2118352743
1508	0.534520778244	12.3153928329
1509	0.62502364561	12.210024916
1510	0.634171389374	12.1937526709
1511	0.491133924547	12.3211287148
1512	0.554131539117	12.2360507521
1513	0.508668665667	12.2814557819
1514	0.448112212145	12.3415921918
1515	0.442826073435	14.3161576891
1516	0.614633218248	12.1181441041
1517	0.6327922608	12.0899542614
1518	0.627757903048	14.0920860037
1519	0.503161164353	13.1714882365
1520	0.477251930939	12.1612857792
1521	0.526305550793	16.1098659779
1522	0.660789972292	12.9552421433
1523	0.567378145237	14.0321213778
1524	0.668503443153	12.8256127913
1525	0.644477985019	12.8076540949
1526	0.504775958381	12.939989266
1527	0.671933864045	12.7498320978
1528	0.655493236754	12.7510463431
1529	0.634880356619	12.7625473404
1530	0.584699933863	12.7849822119
1531	0.613521666158	13.755663159
1532	0.608902665684	12.7492069028
1533	0.621936645963	12.7336891292
1534	0.497969208992	19.8417568757
1535	0.618254167961	12.7097979579
1536	0.562778523405	12.7650981888
1537	0.624149699187	12.6753817661
1538	0.652489770952	12.6098165834
1539	0.619576227235	12.6076155141
1540	0.648143913584	12.5781504553
1541	0.722957080287	12.48844346
1542	0.604859012163	12.5809411323
1543	0.677040635201	12.4335980288
1544	0.666307082415	12.3475991248
1545	0.674579219288	12.3332475822
1546	0.478033550136	12.5117653741
1547	0.562728092955	12.4267641029
1548	0.682795707821	12.3058739641
1549	0.532220981908	14.4505761083
1550	0.630479919733	15.3369510912
1551	0.539106614308	12.4234226017
1553	0.658033700642	12.2560187426
1554	0.657721962865	12.2028151857
1555	0.49952919668	12.3598090224
1556	0.490267417756	12.358023044
1557	0.641505227255	13.1562448637
1558	0.423910095334	12.3548027785
1559	0.566132668298	12.2104119009
1560	0.574670080726	12.1929913512
1561	0.556900264803	12.1941025177
1562	0.664083808432	12.0708694084
1563	0.636440345463	13.0645547048
1564	0.580191612182	14.1170425305
1565	0.673552748726	13.0235619031
1566	0.651781353452	13.0418937385
1567	0.700445075703	12.959891857
1568	0.573066764595	13.086702425
1569	0.583907186555	13.0708526031
1570	0.691570797421	12.9480612905
1571	0.594413146486	13.0173740142
1572	0.479988172866	13.1179979737
1573	0.681644532392	12.8887151767
1574	0.567997542316	12.9907656584
1575	0.572986953893	12.9725947644
1576	0.570135333822	12.9731829928
1577	0.636808396128	12.8825298096
1578	0.646522848985	12.8616880709
1579	0.656838736879	18.8418751498
1580	0.655589800937	12.77362369
1581	0.712249717763	12.6984342958
1582	0.597601852179	12.7953715409
1583	0.532719326489	12.854814009
1584	0.678109609793	16.7010128469
1585	0.581726255904	12.6881382701
1586	0.622929325125	12.6406700566
1587	0.645667749159	12.6167877703
1588	0.598331220703	12.6622655222
1589	0.608374931347	12.6279066833
1590	0.621686020739	12.6125922902
1591	0.60589224929	17.627034266
1592	0.651463102371	13.5525836052
1593	0.680265007806	12.504894609
1594	0.689040670299	12.4765948985
1595	0.647399600783	12.5152833531
1596	0.681749820902	14.4781724169
1597	0.678869924797	13.4385713352
1598	0.429108012974	13.6833030521
1599	0.596080754269	14.4473572365
1600	0.828302930164	13.2041367303
1601	0.679456784047	15.3489570617
1602	0.677705115247	17.3422893235
1603	0.662574344889	13.3447917703
1604	0.650361140576	13.3507747363
1605	0.752642441551	13.2403990565
1606	0.549564734677	13.4299699367
1607	0.61656573724	13.3500323087
1608	0.637585730023	13.3232704434
1609	0.580193501462	13.3730328085
1610	0.495990078856	13.4530764727
1611	0.543705395035	13.39162256
1612	0.535564074814	13.3985862945
1613	0.67883197708	13.2351750055
1614	0.516580137491	13.390705612
1615	0.643380394788	13.2519150667
1616	0.550618195161	13.30628746
1617	0.614556327872	13.2367394351
1618	0.616028807321	13.2304700948
1619	0.542197124419	13.2726504564
1620	0.665331830912	13.1277943031
1621	0.524593347583	13.2617513328
1622	0.704181905569	14.0731584088
1623	0.651422548037	13.11951178
1625	0.600972941594	13.1189719535
1626	0.645234472073	14.04988653
1627	0.581616120627	15.0539052054
1628	0.550731076406	13.0690429415
1629	0.672690516376	12.9407436406
1630	0.684557838619	12.9145414429
1631	0.627327729601	12.9240595774
1632	0.606844460159	12.9303561901
1633	0.567201793313	14.9442391909
1634	0.661654707436	12.8310216619
1635	0.688203996822	12.801941576
1636	0.646794307049	13.7701409548
1637	0.72140487881	17.6892839344
1638	0.603956820801	13.7865758595
1639	0.682864724134	13.6377811831
1640	0.653092263183	13.6661322155
1641	0.599644289304	13.7145436839
1642	0.653798388384	13.6377409863
1643	0.638127836172	13.6374874236
1644	0.659318070637	13.6010875109
1645	0.788047097242	13.4339661101
1646	0.673796411926	13.5384594248
1647	0.708292820847	13.503054051
1648	0.676597472187	13.5073359568
1649	0.668403524204	13.4506106255
1650	0.589475087729	13.5165761008
1651	0.614023982465	14.460752995
1652	0.727824175403	13.3320213934
1653	0.68769251078	13.3664375994
1654	0.615698429393	15.4063614525
1655	0.716340130276	13.2989948634
1656	0.572229273723	13.4122732343
1657	0.678430036278	13.2860775423
1658	0.677791596158	14.253115027
1659	0.557283566227	13.3619713298
1660	0.585194601948	13.3006325523
1661	0.608045447188	14.2444324772
1662	0.718565460005	13.0745602869
1663	0.555335749507	13.1745367728
1664	0.515486429279	14.1820292776
1665	0.564182756734	16.1306060001
1666	0.592085895499	13.0872307376
1667	0.580747153317	13.0719341226
1668	0.631152089287	16.0107337416
1669	0.58913264876	13.0242448181
1670	0.603345920491	14.9863655886
1671	0.650639625065	12.9111759664
1672	0.737228708263	12.8228018221
1673	0.582080001804	12.9682656551
1674	0.583769737209	13.9298808115
1675	0.663913226399	13.8469648028
1676	0.623258879028	13.8860367153
1677	0.68166848432	13.824582252
1678	0.605514979954	13.8953132753
1679	0.605071772256	13.8587470639
1680	0.65256352684	13.7642750676
1681	0.644526849582	13.7635248974
1682	0.6016269879	16.7906679244
1683	0.629978267423	13.7169704131
1684	0.674714404376	13.6701396997
1685	0.612092362548	13.7315646173
1686	0.584292226683	16.7375048097
1687	0.600505917775	13.7202247926
1688	0.780833337095	13.538842985
1689	0.690755711163	14.6041642963
1690	0.618685915626	13.6525163946
1691	0.691562000079	13.5783637512
1692	0.73798447556	13.5294944418
1694	0.508285575166	13.7215969711
1695	0.674137692696	13.5515755915
1696	0.716302453785	13.5075307517
1697	0.648703026432	13.5520414364
1698	0.718960965091	13.4791578707
1699	0.634455807108	13.5560338701
1700	0.576293980516	13.6096844035
1701	0.566822746453	14.5751627339
1702	0.705931031678	13.42420486
1703	0.68898457699	13.4406449462
1704	0.626726613354	13.4377261143
1706	0.610242855993	13.2579136672
1707	0.669911791501	14.1927520935
1708	0.687403427082	14.1289874747
1709	0.594856021491	14.2168497255
1710	0.614292074302	14.1905457778
1711	0.500781100793	14.297555168
1712	0.524770163236	14.2701764385
1713	0.564746853683	15.2139137449
1714	0.668180028603	16.1048959084
1715	0.610257395283	16.1597489025
1716	0.628465489435	15.1248432674
1717	0.551700749439	14.1988704985
1718	0.620648972363	14.0942100954
1719	0.660287017978	14.0206874838
1720	0.670453131541	14.0081476822
1721	0.63079857279	14.0415609447
1722	0.636726353098	14.0323875586
1723	0.725678061678	13.9429601946
1724	0.630668314863	14.0371498583
1725	0.593582038396	14.0517146794
1726	0.591156396594	14.0399039277
1727	0.494060189802	14.1283801333
1728	0.733739450285	13.8698302721
1729	0.69154756046	13.9027653098
1730	0.656780466137	13.9313997087
1731	0.633676804974	13.9425066516
1732	0.630388885808	13.9358923456
1733	0.643346941145	15.904238177
1734	0.646045687573	15.9006299176
1735	0.608393990191	13.8950676639
1737	0.655495974065	13.8290651069
1738	0.632456861124	13.7914733781
1739	0.587888982665	13.7908897483
1741	0.670913701191	13.7006802155
1742	0.577990765896	13.7832193409
1743	0.704542264432	13.6510392572
1744	0.674924765698	14.6476089806
1745	0.733047168261	13.5760755021
1746	0.682228887389	14.6093062668
1747	0.658570217609	14.6264043351
1748	0.708422675866	14.5097339334
1749	0.687605661695	14.5243971983
1750	0.667947634391	14.5375739885
1751	0.660477538937	14.5411799258
1752	0.786113548835	14.3853138958
1753	0.662755555837	14.5004220853
1754	0.708586923716	14.4116503727
1755	0.762243355005	14.3348295436
1756	0.643031898714	14.4519121941
1757	0.563459584111	14.5238485854
1758	0.600027492575	14.4746625098
1759	0.684540058522	14.3860933339
1760	0.603172048729	15.4378956393
1761	0.746706557464	15.2833774841
1762	0.731428188799	14.2783525787
1763	0.689774510591	14.3170090856
1764	0.61076055182	14.3434034693
1766	0.561373376802	14.3558743809
1768	0.65449988619	14.2512092919
1769	0.682683671397	14.2118970143
1770	0.620680215631	14.2475543653
1771	0.605631958334	14.2250405486
1772	0.572642058066	14.235350273
1774	0.64433931011	14.1331197404
1775	0.685814681601	14.0807884647
1776	0.513016235692	14.238405465
1777	0.639950527221	14.0537053867
1778	0.684532080336	13.9934733582
1779	0.670286796745	14.9913325914
1780	0.734499821111	14.8917434026
1781	0.723172683073	14.8918217014
1782	0.667340480004	14.9362593754
1783	0.625943437468	14.9665709926
1784	0.631923002648	14.9371484608
1785	0.73340212224	14.7946087221
1786	0.695306499019	14.8228710054
1787	0.593581882692	14.8799195852
1788	0.569455275819	14.9032789246
1789	0.612790804837	14.8413031286
1790	0.724565715995	14.7127219739
1791	0.642346959047	14.7598213858
1792	0.650016808744	14.7368170027
1793	0.777321862017	14.6015295599
1795	0.675534283778	14.6265626812
1796	0.726757215468	14.5508217781
1797	0.56056855815	14.6714871373
1798	0.701523653633	14.5098583687
1799	0.726751812974	14.4802959288
1800	0.768775138235	14.4216801829
1801	0.724614466685	14.4081034979
1802	0.722891074637	14.4067526104
2048	0.527402439727	9.32087023403
