4	0	15.0093811631
5	0	15.0062780457
6	0	14.9565613713
7	0	14.9017730564
8	0	14.8989002523
9	0	14.8926274798
10	0	14.8858601159
11	0	14.8574447939
12	0	14.8407082742
13	0	14.8174814219
14	0	14.8133109289
15	0	14.8095332093
16	0	14.8038728394
17	0	14.7707791259
18	0	14.7554654286
19	0	14.7450351465
20	0	14.708404092
21	0	14.7017132309
22	0	14.6813810231
23	0	14.6592648303
24	0	14.6591243299
25	0	14.6195914735
26	0	14.6183176868
27	0	14.6095137142
28	0	14.6081006074
29	0	14.5121594924
30	0	14.4640359787
31	0	14.4527738774
32	0	14.424107274
33	0	14.3795105965
34	0	14.3733309842
35	0	14.3724664075
36	0	14.3679535871
37	0	14.312504759
38	0	14.3048664163
39	0	14.301065113
40	0	14.2719939947
41	0	14.1804672898
42	0	14.1781505356
43	0	14.1605405077
44	0	14.1601887976
45	0	14.1593153775
46	0	14.1346422187
47	0	14.1067359702
48	0	14.0792874196
49	0	14.0686085282
50	0	14.0502593655
51	0	14.0354387627
52	0	14.0190613882
53	0	13.999237554
54	0	13.9817876265
55	0	13.9669217678
56	0	13.9513655633
57	0	13.9347680932
58	0	13.9270831222
59	0	13.9139313482
60	0	13.8647877506
61	0	13.8548779751
62	0	13.7863669353
63	0	13.7822532965
64	0	13.754840186
65	0	13.730974526
66	0	13.6752525735
67	0	13.6715203455
68	0	13.6590552911
69	0	13.6555846139
70	0	13.6491418383
71	0	13.6376547596
72	0	13.6362267286
73	0	13.6098947669
74	0	13.590638759
75	0	13.5758007178
76	0	13.5665727437
77	0	13.5426518807
78	0	13.5374752946
79	0	13.4761776306
80	0	13.4578967242
81	0	13.4537471401
82	0	13.4184754404
83	0	13.4120024547
84	0	13.3732324149
85	0	13.3597751439
86	0	13.328640469
87	0	13.3259147904
88	0	13.3067254231
89	0	13.293578134
90	0	13.286329973
91	0	13.2758128831
92	0	13.2164735463
93	0	13.1714129668
94	0	13.170230026
95	0	13.1501137553
96	0	13.1165334756
97	0	13.1036476517
98	0	13.040154428
99	0	13.0276238571
100	0	12.9387848014
101	0	12.9134146766
102	0	12.8775717142
103	0	12.8621730956
104	0	12.8473160138
105	0	12.8460916496
106	0	12.7772726649
107	0	12.7647567356
108	0	12.7364354225
109	0	12.657329658
110	0	12.649922486
111	0	12.6422382649
112	0	12.607857068
113	0	12.6003353312
114	0	12.5993579255
115	0	12.5867189064
116	0	12.5618784201
117	0	12.5429896799
118	0	12.5178026196
119	0	12.5125400007
120	0	12.4986080673
121	0	12.4877331807
122	0	12.458621345
123	0	12.4358448454
124	0	12.4162364784
125	0	12.4108388561
126	0	12.3370735675
127	0	12.3307345191
128	0	12.3294652367
129	0	12.2758374614
130	0	12.2363686327
131	0	12.1945263844
132	0	12.1925642718
133	0	12.1890297007
134	0	12.1861018983
135	0	12.1799253244
136	0	12.1726779609
137	0	12.1676562521
138	0	12.1487788318
139	0	12.1266912536
140	0	12.1098107625
141	0	12.1085544649
142	0	12.1043691392
143	0	12.0954935263
144	0	12.0496121592
145	0	12.0371206623
146	0	12.0323166336
147	0	12.0250542241
148	0	11.9587745327
149	0	11.9493737312
150	0	11.9039533699
151	0	11.8577096111
152	0	11.8196636322
153	0	11.80048526
154	0	11.799621778
155	0	11.7992536516
156	0	11.7963952218
157	0	11.7822384398
158	0	11.7595319073
159	0	11.7485485333
160	0	11.7474220018
161	0	11.7469184013
162	0	11.7248654356
163	0	11.7123533305
164	0	11.6945841139
165	0	11.6747897957
166	0	11.6449474277
167	0	11.6366073091
168	0	11.6329340455
169	0	11.6133186654
170	0	11.6114225178
171	0	11.6111972349
172	0	11.5903796932
173	0	11.5894875921
174	0	11.5516004846
175	0	11.5416485722
176	0	11.5383903348
177	0	11.5351840694
178	0	11.5031202615
179	0	11.4937456158
180	0	11.4717901715
181	0	11.4591343408
182	0	11.4530933381
183	0	11.4496819156
184	0	11.4451809569
185	0	11.4431415023
186	0	11.4209373852
187	0	11.4208851107
188	0	11.3924260163
189	0	11.3902875338
190	0	11.3816392152
191	0	11.3777029656
192	0	11.3677960369
193	0	11.354357395
194	0	11.2262842016
195	0	11.1957957126
196	0	11.1309328
197	0	11.1296784781
198	0	11.1256277137
199	0	11.1165091334
200	0	11.1161239688
201	0	11.0756403508
202	0	11.0601007308
203	0	11.0425446292
204	0	11.0345376068
205	0	11.0120614017
206	0	11.0041707647
207	0	10.9950395877
208	0	10.9881950766
209	0	10.9739787227
210	0	10.9383305877
211	0	10.9187412293
212	0	10.8755550931
213	0	10.8741495117
214	0	10.8593606191
215	0	10.8499360274
216	0	10.8486661312
217	0	10.8398573344
218	0	10.8157713636
219	0	10.8156757529
220	0	10.7407777983
221	0	10.7283361788
222	0	10.718234318
223	0	10.6873935132
224	0	10.6749544814
225	0	10.6716739713
226	0	10.6704025655
227	0	10.6279136002
228	0	10.6251852683
229	0	10.6133653482
230	0	10.6010584594
231	0	10.5880655007
232	0	10.5706452487
233	0	10.5615570537
234	0	10.5221218205
235	0	10.5166145133
236	0	10.4889278202
237	0	10.4820037982
238	0	10.4353870427
239	0	10.4094913605
240	0	10.3780435358
241	0	10.3537778937
242	0	10.3103852751
243	0	10.2931311081
244	0	10.2693236201
245	0	10.2670873438
246	0	10.2645420513
247	0	10.2554844588
248	0	10.2402041152
249	0	10.1827786649
250	0	10.1492511187
251	0	10.144474128
252	0	10.0897846982
253	0	10.0721276725
254	0	10.0569586209
255	0	9.98605322057
256	0	9.9357412534
257	0	9.93394264601
258	0	9.91270097322
259	0	9.83318782918
260	0	9.82264256091
261	0	9.71319610643
262	0	9.69322048515
263	0	9.68585454417
264	0	9.65807030117
265	0	9.62562109985
266	0	9.58797434179
267	0	9.57072936269
268	0	9.55228718895
269	0	9.5352388242
270	0	9.51923525888
271	0	9.51777358577
272	0	9.51770857618
273	0	9.49629636057
274	0	9.47437092569
275	0	9.47058083074
276	0	9.45743069297
277	0	9.42100137054
278	0	9.41088076761
279	0	9.40929635872
280	0	9.39756687895
281	0	9.36810835694
282	0	9.34394861972
283	0	9.28529888904
284	0	9.27924255767
285	0	9.26886310285
286	0	9.2489964983
287	0	9.24780460446
288	0	9.2382713657
289	0	9.23336522873
290	0	9.21531623112
291	0	9.21510301041
292	0	9.21290152016
293	0	9.20796737683
294	0	9.16032612574
295	0	9.1378102945
296	0	9.08473149243
297	0	9.06517489959
298	0	9.01712644218
299	0	9.00353181821
300	0	8.99868745652
301	0	8.99055472249
302	0	8.9653360047
303	0	8.93672769958
304	0	8.93532369453
305	0	8.911297016
306	0	8.89595289209
307	0	8.80144696471
308	0	8.7944838779
309	0	8.79075049392
310	0	8.78454395863
311	0	8.74574610927
312	0	8.72675330741
313	0	8.72543164783
314	0	8.72448808428
315	0	8.69410995405
316	0	8.68755900772
317	0	8.67266175902
318	0	8.66891370191
319	0	8.65632047079
320	0	8.64382390491
321	0	8.63363376492
322	0	8.6270581995
323	0	8.61424409925
324	0	8.57783299204
325	0	8.55322823281
326	0	8.54330074038
327	0	8.54217870712
328	0	8.53181918815
329	0	8.51831281823
330	0	8.50828480213
331	0	8.50391950406
332	0	8.50028767694
333	0	8.48050451338
334	0	8.47327221756
335	0	8.45815967599
336	0	8.45426715323
337	0	8.38244119558
338	0	8.36112675436
339	0	8.34675559051
340	0	8.34200151828
341	0	8.3305762458
342	0	8.30909703957
343	0	8.29188361461
344	0	8.26246034014
345	0	8.25699150092
346	0	8.22405970452
347	0	8.21366134552
348	0	8.21080762158
349	0	8.19418833346
350	0	8.19096515954
351	0	8.18332857388
352	0	8.17381717072
353	0	8.1732486133
354	0	8.16655183942
355	0	8.12005643855
356	0	8.10344270012
357	0	8.08753891999
358	0	8.07754339303
359	0	8.07528606313
360	0	8.04477276386
361	0	8.0391725067
362	0	8.02802678607
363	0	8.02795709899
364	0	8.02533434578
365	0	8.0085754813
366	0	8.00264264176
367	0	7.98051970066
368	0	7.96581229979
369	0	7.9612311155
370	0	7.93171136769
371	0	7.92959827423
372	0	7.90718618577
373	0	7.90417659949
374	0	7.89846423896
375	0	7.88503980259
376	0	7.87320215809
377	0	7.79868665238
378	0	7.78694919358
379	0	7.77135051914
380	0	7.68918845461
381	0	7.67000145806
382	0	7.66420734301
383	0	7.56995690402
384	0	7.53117836194
385	0	7.49725235979
386	0	7.44930171039
387	0	7.40463593265
388	0	7.38615778947
389	0	7.37656746909
390	0	7.37371308977
391	0	7.32545147373
392	0	7.30690899996
393	0	7.24024049794
394	0	7.19603550558
395	0	7.18273603539
396	0	7.18204359579
397	0	7.16640596385
398	0	7.15334148854
399	0	7.14798972797
400	0	7.13762483536
401	0	7.13566921374
402	0	7.12230331847
403	0	7.12177272574
404	0	7.08792446053
405	0	7.07240798532
406	0	7.05104662419
407	0	7.02944979483
408	0	7.01751215717
409	0	6.94298684091
410	0	6.93996444164
411	0	6.93756393699
412	0	6.9147812065
413	0	6.89226271063
414	0	6.8676314268
415	0	6.86133202169
416	0	6.85904323946
417	0	6.82499885979
418	0	6.82495250941
419	0	6.79288958504
420	0	6.75851156227
421	0	6.75243241588
422	0	6.74892744696
423	0	6.7451216997
424	0	6.71104804348
425	0	6.68152215046
426	0	6.66793604972
427	0	6.64778786959
428	0	6.63019997589
429	0	6.58827732547
430	0	6.58268486487
431	0	6.57803564572
432	0	6.57126485311
433	0	6.56142522455
434	0	6.56092731727
435	0	6.54328409418
436	0	6.49133896571
437	0	6.47276774183
438	0	6.46124445266
439	0	6.45802976137
440	0	6.45526186937
441	0	6.44523826485
442	0	6.42841410305
443	0	6.38667489316
444	0	6.37789061493
445	0	6.33584588361
446	0	6.21309070235
447	0	6.14670377338
448	0	6.13124157014
449	0	6.12878277195
450	0	6.12866269333
451	0	6.12292248304
452	0	6.09810609929
453	0	6.07338562288
454	0	6.06271997846
455	0	6.05847109889
456	0	6.05330785961
457	0	6.042911704
458	0	6.04228477201
459	0	6.03125913825
460	0	6.01215847682
461	0	5.98723925932
462	0	5.98443458384
463	0	5.97706678314
464	0	5.96668312674
465	0	5.95735703208
466	0	5.94921062338
467	0	5.92817064408
468	0	5.92329119792
469	0	5.90815909662
470	0	5.9040524312
471	0	5.8885758226
472	0	5.8599812123
473	0	5.84626323195
474	0	5.82831352355
475	0	5.80728755892
476	0	5.8002966131
477	0	5.77029173572
478	0	5.74013859039
479	0	5.72642107654
480	0	5.7156630299
481	0	5.69865454851
482	0	5.6876524102
483	0	5.67847922726
484	0	5.67201915095
485	0	5.66253597155
486	0	5.63426359029
487	0	5.62664980791
488	0	5.6152674549
489	0	5.58819335392
490	0	5.53178958783
491	0	5.52672264331
492	0	5.51281173894
493	0	5.49621298259
494	0	5.49287434477
495	0	5.48546258144
496	0	5.41772656114
497	0	5.3981495983
498	0	5.36395689762
499	0	5.35047826942
500	0	5.32255188472
501	0	5.32221453111
502	0	5.2898435566
503	0	5.28070349341
504	0	5.22812214753
505	0	5.21913960146
506	0	5.18797065491
507	0	5.18741904738
508	0	5.18684443255
509	0	5.18665409712
510	0	5.1770522605
511	0	5.16676045481
512	0	5.16635715536
513	0	5.16317186071
514	0	5.14322894985
515	0	5.09967395094
516	0	5.06300251321
517	0	5.03649640935
518	0	5.02699128412
519	0	5.02549315797
520	0	5.01463345887
521	0	5.00134476636
522	0	4.9796953717
523	0	4.97497530835
524	0	4.96410330949
525	0	4.94549370175
526	0	4.89265318834
527	0	4.88255181591
528	0	4.86833125794
529	0	4.80910815965
530	0	4.78846014993
531	0	4.77506569831
532	0	4.76371813805
533	0	4.76136395583
534	0	4.74688419033
535	0	4.73485493912
536	0	4.69962926395
537	0	4.69774234104
538	0	4.67627186372
539	0	4.63576071892
540	0	4.63546800258
541	0	4.61654789844
542	0	4.60340115633
543	0	4.57315633527
544	0	4.57062801016
545	0	4.48338568697
546	0	4.44332657986
547	0	4.44173965563
548	0	4.43513378698
549	0	4.42445265835
550	0	4.41851152519
551	0	4.37319532067
552	0	4.37157901868
553	0	4.3614038447
554	0	4.33236172671
555	0	4.32816773857
556	0	4.28237162022
557	0	4.27316388404
558	0	4.22795200908
559	0	4.17392811178
560	0	4.14402161383
561	0	4.12815358813
562	0	4.12375695888
563	0	4.06217363985
564	0	4.01355674637
565	0	4.00891496432
566	0	3.98032269902
567	0	3.95311355414
568	0	3.8803067001
569	0	3.84561879853
570	0	3.82560025612
571	0	3.72295585653
572	0	3.71447997559
573	0	3.69468785642
574	0	3.6423463565
575	0	3.630009056
576	0	3.58259118041
577	0	3.57686502793
578	0	3.57344704805
579	0	3.56165144016
580	0	3.55241273067
581	0	3.54652076124
582	0	3.53454048524
583	0	3.5258068911
584	0	3.5256128376
585	0	3.51755030277
586	0	3.43130010542
587	0	3.3690123525
588	0	3.32521067959
589	0	3.30822241942
590	0	3.23172549486
591	0	3.22795134363
592	0	3.22325398282
593	0	3.21542156854
594	0	3.21171142333
595	0	3.19525475758
596	0	3.17684810779
597	0	3.09613496775
598	0	3.0869966246
599	0	3.0833939188
600	0	3.02584818114
601	0	3.02518224442
602	0	2.99986031657
603	0	2.97752879024
604	0	2.96609033054
605	0	2.95907067118
606	0	2.95006561922
607	0	2.94954973064
608	0	2.93633172473
609	0	2.92034837317
610	0	2.902110497
611	0	2.88952468004
612	0	2.87263352097
613	0	2.8481388121
614	0	2.8469529356
615	0	2.82258350794
616	0	2.80532436831
617	0	2.76069694771
618	0	2.75712272604
619	0	2.6840508997
620	0	2.66066564502
621	0	2.65116664661
622	0	2.61468626539
623	0	2.59233269886
624	0	2.54454551805
625	0	2.52507933466
626	0	2.5129908906
627	0	2.4969642593
628	0	2.48023882171
629	0	2.36641449921
630	0	2.30076212508
631	0	2.28398141722
632	0	2.2448755688
633	0	2.24348844667
634	0	2.2419763706
635	0	2.23379973549
636	0	2.22855128861
637	0	2.18075159175
638	0	2.16804003701
639	0	2.1276865419
640	0	2.12525991419
641	0	2.11341335482
642	0	2.10864813845
643	0	2.09394031249
644	0	2.0842928691
645	0	2.08102616023
646	0	2.06570000806
647	0	2.04498958136
648	0	1.99881888192
649	0	1.99731989029
650	0	1.98924073253
651	0	1.97444321845
652	0	1.9493239722
653	0	1.92826810949
654	0	1.89459144052
655	0	1.88989466293
656	0	1.81788683834
657	0	1.80183092305
658	0	1.79992861947
659	0	1.78365925979
660	0	1.73172424845
661	0	1.73054170201
662	0	1.72991881198
663	0	1.72520853273
664	0	1.71844382721
665	0	1.68389752591
666	0	1.67180430855
667	0	1.52824880125
668	0	1.51190449633
669	0	1.50266931678
670	0	1.49933811287
671	0	1.46915344408
672	0	1.41278226485
673	0	1.41210693177
674	0	1.40451876896
675	0	1.39014338052
676	0	1.31160289455
677	0	1.27521783141
678	0	1.25803319493
679	0	1.21621413951
680	0	1.16509984672
681	0	1.15323472568
682	0	1.09533365758
683	0	1.05331805031
684	0	1.02478923711
685	0	1.02353592656
686	0	1.00918101144
687	0	1.00712978427
688	0	0.990388284874
689	0	0.984176526221
690	0	0.97705552897
691	0	0.974773945913
692	0	0.974127580252
693	0	0.963729676066
694	0	0.961642523879
695	0	0.946171173759
696	0	0.945117082665
697	0	0.920130086831
698	0	0.875995873854
699	0	0.858738345784
700	0	0.807148858609
701	0	0.795761241116
702	0	0.79540363269
703	0	0.791371452451
704	0	0.777364075682
705	0	0.766082170474
706	0	0.757885084869
707	0	0.727450072168
708	0	0.711758481409
709	0	0.692776974343
710	0	0.655038963991
711	0	0.630420821546
712	0	0.622183504126
713	0	0.587830955861
714	0	0.55127445084
715	0	0.544410427163
716	0	0.544029671069
717	0	0.537648533837
718	0	0.518225885438
719	0	0.517508449114
720	0	0.510471419065
721	0	0.486319917441
722	0	0.401194280427
723	0	0.399449997416
724	0	0.377147355119
725	0	0.339378199646
726	0	0.311521063331
727	0	0.28647513039
728	0	0.270945570264
729	0	0.269732628613
730	0	0.254930337255
731	0	0.237358180171
732	0	0.166028977731
733	0	0.141036728672
734	0	0.10776421018
735	0	0.0892754010778
736	0	0.0528524031098
737	0	0.0484897431255
738	0	0.038784443714
739	0	0.0
740	0	14.9852108683
741	0	14.9309542158
742	0	14.9125841256
743	0	14.9082540914
744	0	14.9078473949
745	0	14.8941184
746	0	14.8720932763
747	0	14.865619179
748	0	14.8596964445
749	0	14.8450118085
750	0	14.8303992224
751	0	14.8136826338
752	0	14.8059191528
753	0	14.7756195243
754	0	14.7640058296
755	0	14.7474285401
756	0	14.7291829063
757	0	14.7148683325
758	0	14.7096151313
759	0	14.7005399633
760	0	14.6960192448
761	0	14.6866032955
762	0	14.6752161957
763	0	14.6699466446
764	0	14.6698298073
765	0	14.6464243126
766	0	14.6336505646
767	0	14.6093909002
768	0	14.5979948397
769	0	14.5435472849
770	0	14.5100983338
771	0	14.4971238628
772	0	14.492149148
773	0	14.4583681237
774	0	14.4527658127
775	0	14.44931446
776	0	14.3845929543
777	0	14.378998449
778	0	14.3745852862
779	0	14.3672335493
780	0	14.3629824147
781	0	14.3497576001
782	0	14.3423467184
783	0	14.340581616
784	0	14.3272798419
785	0	14.2649216038
786	0	14.2185834528
787	0	14.1989241724
788	0	14.1843980743
789	0	14.1740649608
790	0	14.1717620518
791	0	14.1368554083
792	0	14.130889265
793	0	14.1303443232
794	0	14.1154747426
795	0	14.1147983204
796	0	14.0853833361
797	0	14.07515982
798	0	14.0447132539
799	0	14.0298938724
800	0	14.0162292886
801	0	13.9168382357
802	0	13.9149155086
803	0	13.8648612707
804	0	13.8079728903
805	0	13.8026908507
806	0	13.7669491703
807	0	13.7222427105
808	0	13.6878499004
809	0	13.6662946718
810	0	13.6095960247
811	0	13.5854270456
812	0	13.5746792287
813	0	13.5615890165
814	0	13.5472896727
815	0	13.5447129569
816	0	13.5440765216
817	0	13.5421433991
818	0	13.4302024039
819	0	13.4076416012
820	0	13.4044947529
821	0	13.3827162341
822	0	13.3699643415
823	0	13.3624667424
824	0	13.3418328937
825	0	13.3381695472
826	0	13.3197252121
827	0	13.2876000231
828	0	13.2777568853
829	0	13.2659169561
830	0	13.2412883778
831	0	13.193954003
832	0	13.1787555195
833	0	13.1596032634
834	0	13.1203286013
835	0	13.0682667328
836	0	13.0395959375
837	0	13.0200906417
838	0	13.0038032701
839	0	12.9673490252
840	0	12.9603347578
841	0	12.9489015199
842	0	12.9217440598
843	0	12.9129700661
844	0	12.879077294
845	0	12.8642745547
846	0	12.816746908
847	0	12.8037848165
848	0	12.7966588322
849	0	12.7964177876
850	0	12.7839105047
851	0	12.7714147342
852	0	12.7452106187
853	0	12.7404768266
854	0	12.7278386324
855	0	12.7111935717
856	0	12.699918012
857	0	12.6759321969
858	0	12.6751996953
859	0	12.6564757596
860	0	12.6465588673
861	0	12.6456347863
862	0	12.5522674467
863	0	12.5211214224
864	0	12.5116424725
865	0	12.4998395904
866	0	12.4898278465
867	0	12.4826260006
868	0	12.4803334018
869	0	12.4489809308
870	0	12.4382752218
871	0	12.3746912781
872	0	12.3503711872
873	0	12.3351521405
874	0	12.3298483244
875	0	12.3030735576
876	0	12.2971405359
877	0	12.236258093
878	0	12.2091051566
879	0	12.2066866721
880	0	12.1983712147
881	0	12.1888595303
882	0	12.1690261013
883	0	12.1629234314
884	0	12.1526814039
885	0	12.0582890547
886	0	12.0414676308
887	0	12.0141083932
888	0	12.0123426113
889	0	11.9586635804
890	0	11.9124845874
891	0	11.8879944542
892	0	11.882177368
893	0	11.8011537424
894	0	11.784214504
895	0	11.7641683431
896	0	11.7408134162
897	0	11.7401369603
898	0	11.7362223857
899	0	11.7156078098
900	0	11.698459362
901	0	11.6883548839
902	0	11.6858083915
903	0	11.6706205393
904	0	11.6676332565
905	0	11.6675501453
906	0	11.6165058977
907	0	11.6053437546
908	0	11.6034233215
909	0	11.5943145708
910	0	11.5752248104
911	0	11.5666660037
912	0	11.5610670006
913	0	11.4911681255
914	0	11.4669324692
915	0	11.4617807534
916	0	11.4580854762
917	0	11.442244649
918	0	11.4302285544
919	0	11.3967792709
920	0	11.373775839
921	0	11.2992142249
922	0	11.2793260307
923	0	11.2691361501
924	0	11.2510166909
925	0	11.2423499582
926	0	11.2161948241
927	0	11.2061665464
928	0	11.1832542159
929	0	11.1633994617
930	0	11.1616145265
931	0	11.1324785794
932	0	11.121911448
933	0	11.1075010468
934	0	11.1010890027
935	0	11.0390252378
936	0	11.024900639
937	0	11.0172805871
938	0	10.8906025665
939	0	10.8563750515
940	0	10.8543766137
941	0	10.8406105694
942	0	10.8101537955
943	0	10.7668889596
944	0	10.7554110242
945	0	10.751224431
946	0	10.7441493338
947	0	10.7365258544
948	0	10.7295781944
949	0	10.7236301081
950	0	10.7167946632
951	0	10.7098176917
952	0	10.6940249433
953	0	10.6848907615
954	0	10.6373457146
955	0	10.6228620701
956	0	10.6175413889
957	0	10.5950503752
958	0	10.5926867708
959	0	10.5873456684
960	0	10.5385433779
961	0	10.5280708075
962	0	10.5163599515
963	0	10.4283114445
964	0	10.4218987049
965	0	10.408858308
966	0	10.4085924304
967	0	10.3929020065
968	0	10.377148341
969	0	10.3698286087
970	0	10.3566822287
971	0	10.3559150045
972	0	10.3398558939
973	0	10.3344583851
974	0	10.3318484189
975	0	10.32435647
976	0	10.3149943013
977	0	10.2880539997
978	0	10.2621473838
979	0	10.2355272417
980	0	10.2303378981
981	0	10.2016868634
982	0	10.1907015551
983	0	10.1840262732
984	0	10.1730496764
985	0	10.1632605022
986	0	10.1382216311
987	0	10.1299081834
988	0	10.0791739396
989	0	10.0445389204
990	0	10.0444924459
991	0	10.0382630476
992	0	10.0342157079
993	0	9.99574662731
994	0	9.98952835449
995	0	9.97565447961
996	0	9.96155310932
997	0	9.95989467645
998	0	9.92922412412
999	0	9.91332385161
1000	0	9.88534729736
1001	0	9.877781876
1002	0	9.85582632158
1003	0	9.85276077802
1004	0	9.84581748781
1005	0	9.83367311749
1006	0	9.8200988864
1007	0	9.81641469424
1008	0	9.80215792111
1009	0	9.76617031203
1010	0	9.76290948065
1011	0	9.76014961996
1012	0	9.75735368707
1013	0	9.74772659692
1014	0	9.70489117632
1015	0	9.67663345246
1016	0	9.66592014793
1017	0	9.65652870022
1018	0	9.63027280659
1019	0	9.62799396144
1020	0	9.5839182465
1021	0	9.55821275739
1022	0	9.54456540904
1023	0	9.53137563906
1024	0	9.52962322902
1025	0	9.50276589966
1026	0	9.50086067124
1027	0	9.47424595643
1028	0	9.46362056676
1029	0	9.4210930404
1030	0	9.39625517336
1031	0	9.39254391751
1032	0	9.39204931182
1033	0	9.38590418752
1034	0	9.37451168211
1035	0	9.35604395389
1036	0	9.34794257275
1037	0	9.34324613216
1038	0	9.32502778791
1039	0	9.30921061525
1040	0	9.26498218018
1041	0	9.22845006184
1042	0	9.21940648166
1043	0	9.21506287196
1044	0	9.20105139718
1045	0	9.18901532402
1046	0	9.17526374688
1047	0	9.17032335721
1048	0	9.15647400051
1049	0	9.15354605288
1050	0	9.14202448625
1051	0	9.12704298246
1052	0	9.10011599942
1053	0	9.07891571948
1054	0	9.0569467885
1055	0	9.05604013097
1056	0	9.03690286579
1057	0	9.006119314
1058	0	8.96083892022
1059	0	8.95377164155
1060	0	8.94410639283
1061	0	8.93649924546
1062	0	8.9061590037
1063	0	8.9051598505
1064	0	8.89895097645
1065	0	8.87045656932
1066	0	8.85386654456
1067	0	8.8533817332
1068	0	8.82099667955
1069	0	8.8198666013
1070	0	8.77325313235
1071	0	8.68151231851
1072	0	8.67312331716
1073	0	8.66744333679
1074	0	8.6581044226
1075	0	8.63142422573
1076	0	8.60511814269
1077	0	8.58859172706
1078	0	8.55478381857
1079	0	8.46460198752
1080	0	8.46415381874
1081	0	8.43610713345
1082	0	8.42294331091
1083	0	8.41776349445
1084	0	8.37351748019
1085	0	8.34044684341
1086	0	8.32145403215
1087	0	8.28918198517
1088	0	8.27537372699
1089	0	8.20720957905
1090	0	8.19029430406
1091	0	8.15023355972
1092	0	8.14907813804
1093	0	8.1409823244
1094	0	8.13373569854
1095	0	8.10852401802
1096	0	8.1053620117
1097	0	8.09710065464
1098	0	8.05773653784
1099	0	8.05026453265
1100	0	8.03623771081
1101	0	8.01737642222
1102	0	8.00440758725
1103	0	7.99380156657
1104	0	7.99170298111
1105	0	7.96188039271
1106	0	7.86409292363
1107	0	7.83990929761
1108	0	7.8349213492
1109	0	7.83326743916
1110	0	7.83188066632
1111	0	7.8269956817
1112	0	7.82129363001
1113	0	7.81644684552
1114	0	7.80999456367
1115	0	7.78353951709
1116	0	7.76533229898
1117	0	7.75950138913
1118	0	7.74940798675
1119	0	7.73476994948
1120	0	7.70238100187
1121	0	7.65803330069
1122	0	7.64845101261
1123	0	7.64292566168
1124	0	7.62054060292
1125	0	7.57901062915
1126	0	7.56576742282
1127	0	7.56424291058
1128	0	7.53962486952
1129	0	7.47847478063
1130	0	7.47705286643
1131	0	7.44564403018
1132	0	7.43381587119
1133	0	7.41131096974
1134	0	7.40591111154
1135	0	7.39916495313
1136	0	7.39761922081
1137	0	7.39571958203
1138	0	7.38912030039
1139	0	7.35745055046
1140	0	7.35704126258
1141	0	7.3398787901
1142	0	7.3018641673
1143	0	7.30036771087
1144	0	7.26877581584
1145	0	7.25120219673
1146	0	7.24941703609
1147	0	7.20493632601
1148	0	7.17711852565
1149	0	7.16109608451
1150	0	7.1167941514
1151	0	7.10885185632
1152	0	7.09899197835
1153	0	7.0937234665
1154	0	7.06427054905
1155	0	6.95132856839
1156	0	6.92628764101
1157	0	6.92021768683
1158	0	6.90044156752
1159	0	6.87834736435
1160	0	6.8711182323
1161	0	6.85984511099
1162	0	6.83778395684
1163	0	6.82565657318
1164	0	6.81124439358
1165	0	6.79277756139
1166	0	6.77683934548
1167	0	6.75567756811
1168	0	6.75492786229
1169	0	6.74168861609
1170	0	6.71863858793
1171	0	6.70462720396
1172	0	6.65759836752
1173	0	6.65431812738
1174	0	6.64447197142
1175	0	6.62450075585
1176	0	6.60774486019
1177	0	6.58947969107
1178	0	6.54536904137
1179	0	6.54218474318
1180	0	6.49693487603
1181	0	6.45473177434
1182	0	6.42717592487
1183	0	6.41320008896
1184	0	6.40712289768
1185	0	6.40469131309
1186	0	6.38217067432
1187	0	6.33822882732
1188	0	6.30595523704
1189	0	6.25837886479
1190	0	6.25086863433
1191	0	6.21197801767
1192	0	6.18693777447
1193	0	6.17858281858
1194	0	6.16970591112
1195	0	6.13630603613
1196	0	6.12959942472
1197	0	6.12237503007
1198	0	6.09215340693
1199	0	6.07542057663
1200	0	6.07257876856
1201	0	6.06332903125
1202	0	6.02986226051
1203	0	6.02562509144
1204	0	6.02540841156
1205	0	6.00531374087
1206	0	6.00024847917
1207	0	5.91077718865
1208	0	5.86531094827
1209	0	5.84150450343
1210	0	5.76807478755
1211	0	5.7507643267
1212	0	5.73472780529
1213	0	5.59193281262
1214	0	5.57782873037
1215	0	5.56191204714
1216	0	5.53674862989
1217	0	5.52065743431
1218	0	5.5188401548
1219	0	5.51781283147
1220	0	5.45411416636
1221	0	5.43205760337
1222	0	5.36285143022
1223	0	5.36160191143
1224	0	5.33931165399
1225	0	5.30471361529
1226	0	5.30246705256
1227	0	5.27803546791
1228	0	5.27634464372
1229	0	5.24808841391
1230	0	5.10624711216
1231	0	5.07684825718
1232	0	5.04836435162
1233	0	5.04095396468
1234	0	5.03536156162
1235	0	4.9677498203
1236	0	4.94229679321
1237	0	4.94207820439
1238	0	4.92285993696
1239	0	4.92189889844
1240	0	4.89811295818
1241	0	4.83039307318
1242	0	4.78890649416
1243	0	4.78600563824
1244	0	4.77396347582
1245	0	4.76759622598
1246	0	4.75390998434
1247	0	4.72289897517
1248	0	4.70211090178
1249	0	4.68979336768
1250	0	4.63873697004
1251	0	4.60937865122
1252	0	4.60721619354
1253	0	4.58803060223
1254	0	4.56691074077
1255	0	4.53836929935
1256	0	4.52268029317
1257	0	4.51708421175
1258	0	4.50761416747
1259	0	4.48161902131
1260	0	4.48007586683
1261	0	4.47716847974
1262	0	4.45440290856
1263	0	4.43098547804
1264	0	4.40290141751
1265	0	4.3673281242
1266	0	4.36589717304
1267	0	4.36379016573
1268	0	4.35317242368
1269	0	4.34029610874
1270	0	4.33171943833
1271	0	4.26169557178
1272	0	4.23519438306
1273	0	4.20025093582
1274	0	4.16952326151
1275	0	4.16921194514
1276	0	4.159387276
1277	0	4.13337358353
1278	0	4.11288975625
1279	0	4.07146678513
1280	0	4.05969189661
1281	0	4.01783835732
1282	0	4.00801486838
1283	0	3.98071435071
1284	0	3.9467251341
1285	0	3.91442172896
1286	0	3.91361663652
1287	0	3.90893056888
1288	0	3.88253865235
1289	0	3.87993103047
1290	0	3.84898426412
1291	0	3.84238984173
1292	0	3.80833082177
1293	0	3.77750784214
1294	0	3.73091734451
1295	0	3.72779556928
1296	0	3.72094954731
1297	0	3.67803458165
1298	0	3.67360689947
1299	0	3.63326426187
1300	0	3.61117339163
1301	0	3.60867924733
1302	0	3.60743454322
1303	0	3.60605608088
1304	0	3.59814870309
1305	0	3.58894534547
1306	0	3.58741556799
1307	0	3.57977620427
1308	0	3.56552294071
1309	0	3.5571251663
1310	0	3.53607001535
1311	0	3.53141495366
1312	0	3.47647273197
1313	0	3.44137372426
1314	0	3.38694387069
1315	0	3.37431117361
1316	0	3.36704668279
1317	0	3.30460569136
1318	0	3.29209971009
1319	0	3.28024944186
1320	0	3.23642279402
1321	0	3.23120201616
1322	0	3.22903167265
1323	0	3.20282295521
1324	0	3.15996649588
1325	0	3.1510534773
1326	0	3.11636900219
1327	0	3.11563978374
1328	0	3.0762461704
1329	0	3.06818534833
1330	0	3.0339102294
1331	0	3.01621010055
1332	0	3.00345446492
1333	0	2.98241807034
1334	0	2.93883030125
1335	0	2.91275609548
1336	0	2.90876243746
1337	0	2.85239526051
1338	0	2.84273960651
1339	0	2.83238042198
1340	0	2.8001234487
1341	0	2.79381194259
1342	0	2.77947466787
1343	0	2.72618961049
1344	0	2.72508377486
1345	0	2.71658641138
1346	0	2.68815889125
1347	0	2.67162961539
1348	0	2.66000577707
1349	0	2.64686103978
1350	0	2.63882953476
1351	0	2.62971926787
1352	0	2.62580951517
1353	0	2.57914518617
1354	0	2.55915140728
1355	0	2.53760592049
1356	0	2.42149833931
1357	0	2.38862399429
1358	0	2.38358480548
1359	0	2.37164893476
1360	0	2.34100036225
1361	0	2.31562850536
1362	0	2.25481665714
1363	0	2.21148207716
1364	0	2.17537828395
1365	0	2.14773594142
1366	0	2.13849762176
1367	0	2.1308517926
1368	0	2.10121339256
1369	0	2.09547938338
1370	0	2.09268830226
1371	0	2.09120160416
1372	0	2.05454045201
1373	0	2.02347187844
1374	0	2.0146136341
1375	0	2.00751554631
1376	0	1.97260869397
1377	0	1.95993699372
1378	0	1.93685185804
1379	0	1.93660296874
1380	0	1.9163101171
1381	0	1.88606814674
1382	0	1.88085819143
1383	0	1.86203783141
1384	0	1.78083241577
1385	0	1.74494249397
1386	0	1.7302706086
1387	0	1.7092140292
1388	0	1.70617542673
1389	0	1.70371418038
1390	0	1.61587244796
1391	0	1.60118097381
1392	0	1.56067733264
1393	0	1.50651799201
1394	0	1.5007140761
1395	0	1.4717026141
1396	0	1.44694266392
1397	0	1.4372441675
1398	0	1.43208979506
1399	0	1.40721608485
1400	0	1.38043470122
1401	0	1.36485056867
1402	0	1.3435074395
1403	0	1.33999743695
1404	0	1.33575618489
1405	0	1.33046144603
1406	0	1.32281192462
1407	0	1.30528055136
1408	0	1.29517399669
1409	0	1.27288142064
1410	0	1.26933011579
1411	0	1.26724887639
1412	0	1.26214760175
1413	0	1.25439014489
1414	0	1.24310607974
1415	0	1.22826076747
1416	0	1.22780888357
1417	0	1.21382237493
1418	0	1.21193691685
1419	0	1.17163249978
1420	0	1.17061640376
1421	0	1.14255196177
1422	0	1.12584562353
1423	0	1.12032634471
1424	0	1.11239536332
1425	0	1.08969138302
1426	0	1.07061327632
1427	0	1.06763105718
1428	0	1.05327563022
1429	0	1.04275402839
1430	0	1.04071345263
1431	0	1.03828156083
1432	0	0.958374182714
1433	0	0.957914644874
1434	0	0.941212887246
1435	0	0.892730862608
1436	0	0.870928861321
1437	0	0.803032230333
1438	0	0.800967754874
1439	0	0.766915997357
1440	0	0.711537195785
1441	0	0.708427633088
1442	0	0.681856959948
1443	0	0.66937436448
1444	0	0.645868475466
1445	0	0.640255274189
1446	0	0.609353057246
1447	0	0.601259819745
1448	0	0.570601140131
1449	0	0.570581460703
1450	0	0.569420745256
1451	0	0.558243599888
1452	0	0.539752329358
1453	0	0.533778026828
1454	0	0.532052889351
1455	0	0.514994645008
1456	0	0.506678791607
1457	0	0.493518759508
1458	0	0.486580342183
1459	0	0.48456280883
1460	0	0.43414812757
1461	0	0.417111867867
1462	0	0.383404048421
1463	0	0.370993138807
1464	0	0.367868756552
1465	0	0.347980003398
1466	0	0.345533838756
1467	0	0.338799517321
1468	0	0.328405872119
1469	0	0.267964724948
1470	0	0.260204211023
1471	0	0.253463092861
1472	0	0.244066027534
1473	0	0.237712456918
1474	0	0.237038174232
1475	0	0.212788046197
1476	0	0.0925572130198
1477	0	0.0692819981181
1478	0	0.0638490103927
1479	0	0.0611465591502
1480	0	0.0453822149053
1481	0	0.0386479043081
1482	0	0.0
1483	0	14.9656655663
1484	0	14.9164516693
1485	0	14.9060783123
1486	0	14.8580241696
1487	0	14.8214242565
1488	0	14.8172351088
1489	0	14.7546307431
1490	0	14.7492679399
1491	0	14.6580526681
1492	0	14.641002462
1493	0	14.5916515915
1494	0	14.5879861448
1495	0	14.5743732564
1496	0	14.5395956131
1497	0	14.534328236
1498	0	14.5046715139
1499	0	14.4836912253
1500	0	14.4757727528
1501	0	14.471191584
1502	0	14.459534757
1503	0	14.4579083731
1504	0	14.4461273332
1505	0	14.4408858445
1506	0	14.4334515675
1507	0	14.4151981735
1508	0	14.3663632789
1509	0	14.3659044249
1510	0	14.3543181849
1511	0	14.3261069575
1512	0	14.3121384419
1513	0	14.2991837039
1514	0	14.29195199
1515	0	14.2872147142
1516	0	14.2661384036
1517	0	14.2473537059
1518	0	14.2389551427
1519	0	14.2113899749
1520	0	14.1774849708
1521	0	14.1728988601
1522	0	14.1705820234
1523	0	14.1576792892
1524	0	14.1523243541
1525	0	14.1443408693
1526	0	14.1159258049
1527	0	14.1110795141
1528	0	14.0946719431
1529	0	14.0809979768
1530	0	14.0339677866
1531	0	14.025029411
1532	0	13.99533077
1533	0	13.9878381281
1534	0	13.914130625
1535	0	13.9107573847
1536	0	13.8756881844
1537	0	13.8514073672
1538	0	13.8277214909
1539	0	13.8023223444
1540	0	13.791571664
1541	0	13.6689353586
1542	0	13.6658302633
1543	0	13.6638246244
1544	0	13.6529859368
1545	0	13.6492358529
1546	0	13.6415087898
1547	0	13.6086815328
1548	0	13.603751968
1549	0	13.5843441501
1550	0	13.5588666881
1551	0	13.5502662791
1552	0	13.5443742133
1553	0	13.5390138373
1554	0	13.5313094675
1555	0	13.5239175114
1556	0	13.511070984
1557	0	13.5107556554
1558	0	13.5055158565
1559	0	13.4969549203
1560	0	13.4893727808
1561	0	13.4754142327
1562	0	13.4718531475
1563	0	13.47161831
1564	0	13.3850667593
1565	0	13.3047224237
1566	0	13.2992827902
1567	0	13.1887863506
1568	0	13.1808310609
1569	0	13.1688545956
1570	0	13.1607374008
1571	0	13.1287522803
1572	0	13.1281499201
1573	0	13.0917358042
1574	0	13.0193479129
1575	0	13.0179204343
1576	0	13.0080608758
1577	0	12.989659818
1578	0	12.9650759592
1579	0	12.9500663865
1580	0	12.9194129856
1581	0	12.8988920664
1582	0	12.8754901334
1583	0	12.8582957059
1584	0	12.8282210167
1585	0	12.8016967538
1586	0	12.7730215491
1587	0	12.7074406319
1588	0	12.6757769789
1589	0	12.6579047861
1590	0	12.6514899247
1591	0	12.6371506743
1592	0	12.633273855
1593	0	12.6213746933
1594	0	12.6168798663
1595	0	12.6003444708
1596	0	12.552790914
1597	0	12.506003209
1598	0	12.487405016
1599	0	12.4854742338
1600	0	12.4190959858
1601	0	12.4069410391
1602	0	12.3989888
1603	0	12.3770987442
1604	0	12.3693641816
1605	0	12.3461015685
1606	0	12.3036341147
1607	0	12.3016665604
1608	0	12.2969180205
1609	0	12.2671255422
1610	0	12.1871450798
1611	0	12.1799526571
1612	0	12.1579391706
1613	0	12.1459532434
1614	0	12.1377730905
1615	0	12.1220847918
1616	0	12.082042278
1617	0	12.0563648968
1618	0	12.0545595267
1619	0	12.0399894139
1620	0	12.0216893047
1621	0	11.8879173867
1622	0	11.8538273452
1623	0	11.845382092
1624	0	11.8320152922
1625	0	11.8006319027
1626	0	11.7976739901
1627	0	11.7956488337
1628	0	11.7761364698
1629	0	11.7474636411
1630	0	11.7302123157
1631	0	11.7288900951
1632	0	11.7271153911
1633	0	11.7229685293
1634	0	11.7146405037
1635	0	11.6926731383
1636	0	11.6718866693
1637	0	11.616281293
1638	0	11.5840308178
1639	0	11.5809578337
1640	0	11.5644416078
1641	0	11.5466374006
1642	0	11.5397649542
1643	0	11.5249309315
1644	0	11.481331007
1645	0	11.476774282
1646	0	11.4631458893
1647	0	11.4233259396
1648	0	11.3970480844
1649	0	11.3822535886
1650	0	11.3764455838
1651	0	11.329162451
1652	0	11.3209495055
1653	0	11.3088046698
1654	0	11.3087588114
1655	0	11.3035315064
1656	0	11.3025143994
1657	0	11.2889384795
1658	0	11.287726818
1659	0	11.2651081389
1660	0	11.2601731746
1661	0	11.2516250421
1662	0	11.2437542299
1663	0	11.2343968575
1664	0	11.2191310646
1665	0	11.1818340472
1666	0	11.1507659113
1667	0	11.148574347
1668	0	11.1291655274
1669	0	11.0572268512
1670	0	11.0423481645
1671	0	11.0325795755
1672	0	10.9575372036
1673	0	10.9534781586
1674	0	10.9073215313
1675	0	10.8388354386
1676	0	10.8058580667
1677	0	10.7845707333
1678	0	10.7447310286
1679	0	10.7317982047
1680	0	10.7103992142
1681	0	10.6995452501
1682	0	10.6568968216
1683	0	10.6327010882
1684	0	10.5927593651
1685	0	10.5860512211
1686	0	10.5841423802
1687	0	10.5732558819
1688	0	10.5624070604
1689	0	10.5548920955
1690	0	10.5507331728
1691	0	10.5422798051
1692	0	10.5213788898
1693	0	10.4957516421
1694	0	10.4713276518
1695	0	10.4500924775
1696	0	10.3971270938
1697	0	10.3906724275
1698	0	10.3887095035
1699	0	10.3568867663
1700	0	10.3300743609
1701	0	10.3152964904
1702	0	10.3106242777
1703	0	10.2884949897
1704	0	10.2829131538
1705	0	10.2757764981
1706	0	10.2589182561
1707	0	10.2341816868
1708	0	10.2210556444
1709	0	10.1576536391
1710	0	10.1364688747
1711	0	10.1233645766
1712	0	10.1211767818
1713	0	10.1160691232
1714	0	10.107670843
1715	0	10.0824130654
1716	0	10.0155421491
1717	0	9.99778155943
1718	0	9.92201247211
1719	0	9.87013210401
1720	0	9.85522021875
1721	0	9.84231920588
1722	0	9.82136660138
1723	0	9.78937138242
1724	0	9.74366325951
1725	0	9.73495500057
1726	0	9.72867802665
1727	0	9.68558261489
1728	0	9.66888359387
1729	0	9.64875615627
1730	0	9.63272745091
1731	0	9.61193776971
1732	0	9.61147376571
1733	0	9.58505314022
1734	0	9.5219574716
1735	0	9.51795959372
1736	0	9.50861224017
1737	0	9.50562717662
1738	0	9.50510378922
1739	0	9.49679893102
1740	0	9.49289931172
1741	0	9.48426949576
1742	0	9.41044295314
1743	0	9.40031908937
1744	0	9.38663644069
1745	0	9.36656085923
1746	0	9.34357468348
1747	0	9.34030883335
1748	0	9.32233133375
1749	0	9.30175258463
1750	0	9.30136224278
1751	0	9.26148637411
1752	0	9.25990428289
1753	0	9.20744996457
1754	0	9.17925828801
1755	0	9.14052161444
1756	0	9.13772189545
1757	0	9.13182116558
1758	0	9.06205521306
1759	0	9.03788831022
1760	0	9.03401777599
1761	0	9.03324367816
1762	0	9.01347520404
1763	0	8.96362408502
1764	0	8.95056421843
1765	0	8.93856159597
1766	0	8.92475779755
1767	0	8.91513006088
1768	0	8.90915610517
1769	0	8.86953412553
1770	0	8.83603977599
1771	0	8.82634493741
1772	0	8.80278445764
1773	0	8.79293632637
1774	0	8.7637365698
1775	0	8.71459230355
1776	0	8.70767425531
1777	0	8.66243619257
1778	0	8.66211508181
1779	0	8.6356023596
1780	0	8.63443453433
1781	0	8.61681135025
1782	0	8.57426454393
1783	0	8.5484728197
1784	0	8.54056326239
1785	0	8.52024799706
1786	0	8.50171269909
1787	0	8.47537223113
1788	0	8.45429658832
1789	0	8.43722296273
1790	0	8.40108155334
1791	0	8.37323116396
1792	0	8.37240679729
1793	0	8.36247204064
1794	0	8.33896343995
1795	0	8.33247489535
1796	0	8.30558034897
1797	0	8.29663278003
1798	0	8.2702721922
1799	0	8.13587419442
1800	0	8.13540125006
1801	0	8.12463812199
1802	0	8.12282026378
1803	0	8.09017963416
1804	0	8.08389442055
1805	0	8.06539595343
1806	0	8.06200102622
1807	0	8.05482341939
1808	0	8.05386727047
1809	0	7.99908137727
1810	0	7.98886328309
1811	0	7.97293740341
1812	0	7.90747030773
1813	0	7.89855075975
1814	0	7.8826460741
1815	0	7.84753161122
1816	0	7.76404368966
1817	0	7.74065515365
1818	0	7.73073241663
1819	0	7.7124498727
1820	0	7.71044044091
1821	0	7.70003059453
1822	0	7.66686509366
1823	0	7.66031394959
1824	0	7.62816418006
1825	0	7.62163381171
1826	0	7.61109167678
1827	0	7.60479494311
1828	0	7.5595847306
1829	0	7.54903988708
1830	0	7.54551356271
1831	0	7.54022451682
1832	0	7.531315524
1833	0	7.52543176555
1834	0	7.51464924863
1835	0	7.51092479206
1836	0	7.50158689763
1837	0	7.478397688
1838	0	7.47620025888
1839	0	7.46781299928
1840	0	7.46262901298
1841	0	7.44693088071
1842	0	7.42318710317
1843	0	7.30749006886
1844	0	7.30417337721
1845	0	7.30072214075
1846	0	7.29730234291
1847	0	7.29556168076
1848	0	7.27779112445
1849	0	7.26364406005
1850	0	7.23059888844
1851	0	7.19561170836
1852	0	7.18365714513
1853	0	7.17727929305
1854	0	7.10183142225
1855	0	7.08032834493
1856	0	7.07121449042
1857	0	7.05219776681
1858	0	7.05208344279
1859	0	7.02540814592
1860	0	7.00804907116
1861	0	6.99845746357
1862	0	6.97869451721
1863	0	6.97623149423
1864	0	6.96071149363
1865	0	6.95022731221
1866	0	6.94449359177
1867	0	6.94353972513
1868	0	6.91401322164
1869	0	6.90432548866
1870	0	6.88704346173
1871	0	6.88035767498
1872	0	6.87885687709
1873	0	6.86231011079
1874	0	6.83265400933
1875	0	6.7758548438
1876	0	6.73363853666
1877	0	6.67258266587
1878	0	6.66231032143
1879	0	6.65810908935
1880	0	6.62479701245
1881	0	6.61585516582
1882	0	6.61136886593
1883	0	6.58767593309
1884	0	6.58333915409
1885	0	6.55294979772
1886	0	6.53800260502
1887	0	6.50949460405
1888	0	6.48886648526
1889	0	6.43249149282
1890	0	6.40018379351
1891	0	6.35983292169
1892	0	6.3545933194
1893	0	6.33606271892
1894	0	6.309700077
1895	0	6.21450340646
1896	0	6.21429659081
1897	0	6.19474733603
1898	0	6.19347621187
1899	0	6.18734351574
1900	0	6.17855352488
1901	0	6.14123242333
1902	0	6.11994906848
1903	0	6.05460642994
1904	0	6.02708829495
1905	0	6.02585989611
1906	0	5.99207039583
1907	0	5.98865445694
1908	0	5.96832852839
1909	0	5.95101786691
1910	0	5.94988861687
1911	0	5.91067427413
1912	0	5.80600125836
1913	0	5.78901828173
1914	0	5.74554760361
1915	0	5.74356497659
1916	0	5.73064792093
1917	0	5.72216755047
1918	0	5.70609758109
1919	0	5.70520950034
1920	0	5.69955010635
1921	0	5.69764195412
1922	0	5.69484533578
1923	0	5.68985736751
1924	0	5.66944538268
1925	0	5.66233293792
1926	0	5.65957737023
1927	0	5.65208347342
1928	0	5.62777512529
1929	0	5.62213415244
1930	0	5.62124223713
1931	0	5.60255515934
1932	0	5.5939195387
1933	0	5.58894494419
1934	0	5.52747172407
1935	0	5.52043481665
1936	0	5.50847121456
1937	0	5.50709326525
1938	0	5.49557688634
1939	0	5.47073853397
1940	0	5.46246122454
1941	0	5.46167767751
1942	0	5.44694703411
1943	0	5.44601277415
1944	0	5.44410921441
1945	0	5.44077080623
1946	0	5.40696748758
1947	0	5.36838047739
1948	0	5.35682310976
1949	0	5.35646939969
1950	0	5.32070593534
1951	0	5.29633605094
1952	0	5.27667900365
1953	0	5.27544625615
1954	0	5.26670287847
1955	0	5.26115478581
1956	0	5.2410081345
1957	0	5.23471909473
1958	0	5.22494417474
1959	0	5.21349353385
1960	0	5.20505971806
1961	0	5.202195251
1962	0	5.18541329035
1963	0	5.17752586556
1964	0	5.14046971455
1965	0	5.0958389004
1966	0	5.08848963201
1967	0	5.06453455621
1968	0	5.02426580649
1969	0	4.99879294629
1970	0	4.99530290767
1971	0	4.97061096108
1972	0	4.94847546762
1973	0	4.94836800456
1974	0	4.94230104642
1975	0	4.93833974369
1976	0	4.92704023272
1977	0	4.90424041739
1978	0	4.89990173089
1979	0	4.89356353072
1980	0	4.87742288065
1981	0	4.87591469894
1982	0	4.82445394382
1983	0	4.807184368
1984	0	4.78819368007
1985	0	4.78240498231
1986	0	4.77563899854
1987	0	4.77459617704
1988	0	4.7673804799
1989	0	4.75844859744
1990	0	4.74312050437
1991	0	4.73096424292
1992	0	4.72500684704
1993	0	4.69437534278
1994	0	4.6918788885
1995	0	4.67305355629
1996	0	4.65143831686
1997	0	4.63610481377
1998	0	4.63041461815
1999	0	4.61320159943
2000	0	4.60016699124
2001	0	4.5075476337
2002	0	4.50295625414
2003	0	4.46719691164
2004	0	4.44045377773
2005	0	4.4348750997
2006	0	4.43017877525
2007	0	4.41390730384
2008	0	4.41102422894
2009	0	4.39458372596
2010	0	4.39220062152
2011	0	4.37935645869
2012	0	4.348345355
2013	0	4.33663267125
2014	0	4.31399964237
2015	0	4.31314548609
2016	0	4.31275663974
2017	0	4.27872539994
2018	0	4.26840316818
2019	0	4.26252272568
2020	0	4.23584288759
2021	0	4.22044989004
2022	0	4.21140641502
2023	0	4.19980842489
2024	0	4.15914016894
2025	0	4.15147374232
2026	0	4.148552564
2027	0	4.1257421497
2028	0	4.11316577335
2029	0	4.01231969201
2030	0	4.00700122641
2031	0	3.9673958822
2032	0	3.9517725634
2033	0	3.92733861368
2034	0	3.91192363249
2035	0	3.89282232534
2036	0	3.88035415783
2037	0	3.8512027547
2038	0	3.80071926642
2039	0	3.7981854803
2040	0	3.79678300247
2041	0	3.79162682534
2042	0	3.76646492837
2043	0	3.75824071503
2044	0	3.74353548541
2045	0	3.74092876365
2046	0	3.73965057804
2047	0	3.68476155311
2048	0	3.67350357088
2049	0	3.64418192106
2050	0	3.63873185585
2051	0	3.61706317998
2052	0	3.61705425398
2053	0	3.61093527951
2054	0	3.60783263867
2055	0	3.60695814467
2056	0	3.58874616832
2057	0	3.57547234245
2058	0	3.56020580514
2059	0	3.55446122929
2060	0	3.53079156718
2061	0	3.51283494749
2062	0	3.50662338929
2063	0	3.49405430481
2064	0	3.49365047572
2065	0	3.4371546121
2066	0	3.43171813452
2067	0	3.42889919469
2068	0	3.41893033485
2069	0	3.39886818223
2070	0	3.37649003468
2071	0	3.33636830709
2072	0	3.3156703529
2073	0	3.31447248732
2074	0	3.31213393945
2075	0	3.29099084939
2076	0	3.27575873401
2077	0	3.25658171188
2078	0	3.23783423218
2079	0	3.23746753224
2080	0	3.22996179694
2081	0	3.19522107034
2082	0	3.18756382783
2083	0	3.18248778584
2084	0	3.17531204081
2085	0	3.15947530524
2086	0	3.14813261494
2087	0	3.14375949854
2088	0	3.14235928815
2089	0	3.13378929123
2090	0	3.11383149936
2091	0	3.10921526375
2092	0	3.10008924546
2093	0	3.07282915541
2094	0	3.06041908335
2095	0	3.05784746468
2096	0	3.04663622996
2097	0	3.03320394215
2098	0	3.03048352969
2099	0	3.02401786493
2100	0	2.97103262479
2101	0	2.95973737314
2102	0	2.93598990597
2103	0	2.93509207084
2104	0	2.89432829436
2105	0	2.89285903368
2106	0	2.88667027326
2107	0	2.88073051254
2108	0	2.8580221889
2109	0	2.84057771714
2110	0	2.801687319
2111	0	2.78947715241
2112	0	2.785599941
2113	0	2.77818143727
2114	0	2.77109189902
2115	0	2.72315402411
2116	0	2.72028104123
2117	0	2.71954776476
2118	0	2.71374674298
2119	0	2.66429777911
2120	0	2.64853190033
2121	0	2.62872692606
2122	0	2.62859526521
2123	0	2.61379115819
2124	0	2.61017999151
2125	0	2.59531606479
2126	0	2.56157433944
2127	0	2.54265524523
2128	0	2.54150465632
2129	0	2.53859278304
2130	0	2.50015175229
2131	0	2.42190668053
2132	0	2.41889108191
2133	0	2.41473474147
2134	0	2.41013315436
2135	0	2.40317282564
2136	0	2.39984299298
2137	0	2.38084920678
2138	0	2.34647981731
2139	0	2.33001851615
2140	0	2.3208069481
2141	0	2.30537243261
2142	0	2.29338593896
2143	0	2.27776755222
2144	0	2.26646582453
2145	0	2.25863946862
2146	0	2.246630028
2147	0	2.21732443744
2148	0	2.20512681947
2149	0	2.19144736945
2150	0	2.15800795252
2151	0	2.05884660719
2152	0	2.03657310536
2153	0	2.0304886984
2154	0	2.00237810448
2155	0	1.99751756519
2156	0	1.99038454042
2157	0	1.98694776271
2158	0	1.97201533936
2159	0	1.95989270988
2160	0	1.94814886105
2161	0	1.94111470263
2162	0	1.93975517007
2163	0	1.90595497718
2164	0	1.89319075775
2165	0	1.88548783055
2166	0	1.86605965168
2167	0	1.85932931069
2168	0	1.85429384866
2169	0	1.85197084762
2170	0	1.84489825634
2171	0	1.80048898876
2172	0	1.78572701139
2173	0	1.76193760457
2174	0	1.73593518706
2175	0	1.71890816367
2176	0	1.71455469298
2177	0	1.69440573887
2178	0	1.64355717682
2179	0	1.61287280535
2180	0	1.60236144863
2181	0	1.57996280367
2182	0	1.56743743655
2183	0	1.55249848891
2184	0	1.53471016484
2185	0	1.50019808625
2186	0	1.49192496033
2187	0	1.44610518301
2188	0	1.4357016836
2189	0	1.42489489018
2190	0	1.38954991727
2191	0	1.35567240156
2192	0	1.33902637536
2193	0	1.33321706146
2194	0	1.29732325607
2195	0	1.28620614245
2196	0	1.28004850829
2197	0	1.27636062593
2198	0	1.25958620514
2199	0	1.2351981888
2200	0	1.2144019877
2201	0	1.18443838665
2202	0	1.16119273502
2203	0	1.14823932016
2204	0	1.09554571638
2205	0	1.06468881887
2206	0	1.05846812332
2207	0	1.00355241088
2208	0	0.971066458019
2209	0	0.967685049407
2210	0	0.930216893744
2211	0	0.927215763789
2212	0	0.918954763974
2213	0	0.912894462853
2214	0	0.898098889036
2215	0	0.879501073387
2216	0	0.877419569527
2217	0	0.87206014019
2218	0	0.858244405892
2219	0	0.839352699101
2220	0	0.796750899142
2221	0	0.789187330944
2222	0	0.742727684182
2223	0	0.720573834732
2224	0	0.700429406246
2225	0	0.682344517897
2226	0	0.675198820784
2227	0	0.646783470037
2228	0	0.598249977067
2229	0	0.597403141605
2230	0	0.558874347384
2231	0	0.55244836528
2232	0	0.543122778403
2233	0	0.522313522961
2234	0	0.495871867384
2235	0	0.49579456408
2236	0	0.459889789977
2237	0	0.450198008663
2238	0	0.448967226019
2239	0	0.443606800342
2240	0	0.43897414243
2241	0	0.42965101846
2242	0	0.426684229591
2243	0	0.425511239135
2244	0	0.418221590924
2245	0	0.416856894758
2246	0	0.401840580879
2247	0	0.400129870419
2248	0	0.395449574845
2249	0	0.388802430582
2250	0	0.29915575583
2251	0	0.29565933296
2252	0	0.262021140357
2253	0	0.25434608901
2254	0	0.231944020089
2255	0	0.213664346161
2256	0	0.156863135574
2257	0	0.0949127196372
2258	0	0.0793925860347
2259	0	0.0621083234905
2260	0	0.0606955501532
2261	0	0.056471098598
2262	0	0.0128250104619
2263	0	0.0
2264	0	14.9960238253
2265	0	14.9809856759
2266	0	14.9653940032
2267	0	14.9580707547
2268	0	14.9429052381
2269	0	14.9301496355
2270	0	14.9121180625
2271	0	14.8967790682
2272	0	14.8887650578
2273	0	14.8576292682
2274	0	14.8086493819
2275	0	14.8060428759
2276	0	14.7997731425
2277	0	14.7608769545
2278	0	14.7134214826
2279	0	14.7047167747
2280	0	14.6754926673
2281	0	14.6738500834
2282	0	14.662877072
2283	0	14.6582899836
2284	0	14.6383884272
2285	0	14.6220241756
2286	0	14.6089509753
2287	0	14.6017774158
2288	0	14.5820452297
2289	0	14.5502300204
2290	0	14.5485046851
2291	0	14.5398788881
2292	0	14.529611629
2293	0	14.5288459998
2294	0	14.5117484171
2295	0	14.4984757531
2296	0	14.4975042298
2297	0	14.4817748065
2298	0	14.4659026087
2299	0	14.4497371797
2300	0	14.4288460965
2301	0	14.4257278436
2302	0	14.4155960005
2303	0	14.4088139101
2304	0	14.3855211456
2305	0	14.3788559218
2306	0	14.3341096868
2307	0	14.3218807964
2308	0	14.2933295996
2309	0	14.2753070294
2310	0	14.2598242467
2311	0	14.2131982003
2312	0	14.2048346119
2313	0	14.1921720377
2314	0	14.185927501
2315	0	14.168384867
2316	0	14.164359951
2317	0	14.1477180441
2318	0	14.1371388421
2319	0	14.1187313732
2320	0	14.0970934821
2321	0	14.0869898152
2322	0	14.0800272257
2323	0	14.0224701169
2324	0	14.0109161435
2325	0	14.0032155696
2326	0	13.9899291934
2327	0	13.9701813503
2328	0	13.9628057343
2329	0	13.9562635997
2330	0	13.9489971542
2331	0	13.9476912582
2332	0	13.9443075281
2333	0	13.9428727032
2334	0	13.9245551891
2335	0	13.9059185958
2336	0	13.9045171222
2337	0	13.9041203413
2338	0	13.8996468444
2339	0	13.886234616
2340	0	13.8779587748
2341	0	13.8665774187
2342	0	13.8656488324
2343	0	13.8581936877
2344	0	13.8500281104
2345	0	13.8424806446
2346	0	13.8107231406
2347	0	13.8061430196
2348	0	13.8057164328
2349	0	13.7914824819
2350	0	13.7669241415
2351	0	13.7339659183
2352	0	13.7288969326
2353	0	13.6978695319
2354	0	13.693652651
2355	0	13.6870192442
2356	0	13.6749614719
2357	0	13.6625960744
2358	0	13.6590546699
2359	0	13.6463440206
2360	0	13.641039792
2361	0	13.6319341487
2362	0	13.6236776416
2363	0	13.6008991068
2364	0	13.5948188138
2365	0	13.5825157071
2366	0	13.5310470159
2367	0	13.5299486923
2368	0	13.5108136311
2369	0	13.4976687261
2370	0	13.4824536866
2371	0	13.4805966721
2372	0	13.4742914186
2373	0	13.4592972046
2374	0	13.4531513263
2375	0	13.4342308175
2376	0	13.4291606901
2377	0	13.4280973397
2378	0	13.4255358588
2379	0	13.4129684211
2380	0	13.3981111889
2381	0	13.3819556808
2382	0	13.3424681177
2383	0	13.3417820602
2384	0	13.3106606487
2385	0	13.2833542839
2386	0	13.2455648145
2387	0	13.2174498598
2388	0	13.1846448384
2389	0	13.160641073
2390	0	13.1566007401
2391	0	13.154318521
2392	0	13.128990838
2393	0	13.1018159967
2394	0	13.0856018542
2395	0	13.0721789106
2396	0	13.0298061147
2397	0	13.0204846789
2398	0	12.9971758047
2399	0	12.9930225811
2400	0	12.9870824546
2401	0	12.9593179228
2402	0	12.9340539452
2403	0	12.9160213934
2404	0	12.9102180935
2405	0	12.9084098045
2406	0	12.9051127855
2407	0	12.9023353119
2408	0	12.8973930975
2409	0	12.8816048706
2410	0	12.8772293081
2411	0	12.8293030079
2412	0	12.8191521584
2413	0	12.795627623
2414	0	12.7880438932
2415	0	12.7810978475
2416	0	12.7683869112
2417	0	12.7409790811
2418	0	12.6527278317
2419	0	12.6241897283
2420	0	12.6024191982
2421	0	12.6007070644
2422	0	12.5912860527
2423	0	12.5726904151
2424	0	12.4944566975
2425	0	12.4495569916
2426	0	12.4495404673
2427	0	12.4476048741
2428	0	12.3487899005
2429	0	12.2880149281
2430	0	12.2846648135
2431	0	12.2664028974
2432	0	12.2450427383
2433	0	12.2435757551
2434	0	12.2274406999
2435	0	12.2163221702
2436	0	12.1796419138
2437	0	12.1694285565
2438	0	12.1513982418
2439	0	12.1439533239
2440	0	12.1438024514
2441	0	12.1384091469
2442	0	12.1291641809
2443	0	12.0826387475
2444	0	12.0756672388
2445	0	12.064636547
2446	0	12.0066536357
2447	0	12.0045600435
2448	0	11.9958600052
2449	0	11.9903309918
2450	0	11.9664080518
2451	0	11.9615509666
2452	0	11.9603488203
2453	0	11.9531125499
2454	0	11.9418037511
2455	0	11.9213621922
2456	0	11.8910712938
2457	0	11.8852804205
2458	0	11.8556957476
2459	0	11.8296488906
2460	0	11.8108639439
2461	0	11.7660403859
2462	0	11.7653885152
2463	0	11.7471747
2464	0	11.7161682435
2465	0	11.6878433652
2466	0	11.679981468
2467	0	11.6642195463
2468	0	11.6201837289
2469	0	11.6026431064
2470	0	11.6007678919
2471	0	11.595154739
2472	0	11.5720599187
2473	0	11.570686189
2474	0	11.5393838047
2475	0	11.4313709591
2476	0	11.4254480806
2477	0	11.4219006305
2478	0	11.4201798208
2479	0	11.401805152
2480	0	11.3922781731
2481	0	11.3740553926
2482	0	11.3685475427
2483	0	11.3071371071
2484	0	11.2326872999
2485	0	11.224802968
2486	0	11.2184478418
2487	0	11.2085876471
2488	0	11.203212919
2489	0	11.1898819665
2490	0	11.188311578
2491	0	11.1592913226
2492	0	11.1584504435
2493	0	11.1243309063
2494	0	11.1161374605
2495	0	11.1145295809
2496	0	11.113649993
2497	0	11.0992865864
2498	0	11.0936975257
2499	0	11.0828481792
2500	0	11.0583522943
2501	0	11.0558784014
2502	0	11.0328116631
2503	0	11.008356783
2504	0	11.0046286722
2505	0	10.9871366371
2506	0	10.9807919718
2507	0	10.9503239946
2508	0	10.9328009546
2509	0	10.9251011573
2510	0	10.8663802549
2511	0	10.8478760341
2512	0	10.8243744804
2513	0	10.8175959846
2514	0	10.7836833155
2515	0	10.7719463935
2516	0	10.7686951121
2517	0	10.7595523288
2518	0	10.7518828074
2519	0	10.7259249983
2520	0	10.710240143
2521	0	10.6518095316
2522	0	10.6475687336
2523	0	10.640127267
2524	0	10.6246563872
2525	0	10.6138701663
2526	0	10.6012843005
2527	0	10.5790863641
2528	0	10.5453030427
2529	0	10.5180172458
2530	0	10.5025704776
2531	0	10.5012293821
2532	0	10.5004386813
2533	0	10.4959659302
2534	0	10.4851376263
2535	0	10.4555338573
2536	0	10.4200391484
2537	0	10.4134652621
2538	0	10.4065441885
2539	0	10.4034407364
2540	0	10.4031234983
2541	0	10.3907517012
2542	0	10.380144275
2543	0	10.3070334599
2544	0	10.2915352648
2545	0	10.2294442743
2546	0	10.1942743957
2547	0	10.17009237
2548	0	10.0406897153
2549	0	9.98947058932
2550	0	9.98638609259
2551	0	9.98034307986
2552	0	9.96568088601
2553	0	9.94899759674
2554	0	9.94817287064
2555	0	9.94056688009
2556	0	9.91882136307
2557	0	9.82578736749
2558	0	9.80879485355
2559	0	9.76684699692
2560	0	9.74351473158
2561	0	9.74316516159
2562	0	9.72890914033
2563	0	9.7275259637
2564	0	9.71481316987
2565	0	9.70441500007
2566	0	9.69138485602
2567	0	9.6894415277
2568	0	9.66960495258
2569	0	9.65464855262
2570	0	9.64403190229
2571	0	9.64266971286
2572	0	9.63771719576
2573	0	9.63670258699
2574	0	9.6025601027
2575	0	9.59408387636
2576	0	9.53718046015
2577	0	9.52402224884
2578	0	9.51344408271
2579	0	9.48941291637
2580	0	9.48169128742
2581	0	9.46575299502
2582	0	9.46327139696
2583	0	9.45791332238
2584	0	9.4526192082
2585	0	9.45129101504
2586	0	9.44701030269
2587	0	9.44457849748
2588	0	9.44366179083
2589	0	9.44309234011
2590	0	9.44118933115
2591	0	9.36344827461
2592	0	9.34380849048
2593	0	9.33546518114
2594	0	9.29070333646
2595	0	9.28948403719
2596	0	9.28539593076
2597	0	9.28198804258
2598	0	9.2650032063
2599	0	9.25794641507
2600	0	9.22238656689
2601	0	9.20086286953
2602	0	9.17630907465
2603	0	9.15583511194
2604	0	9.14411003215
2605	0	9.13828406845
2606	0	9.10010369943
2607	0	9.08833605526
2608	0	9.03734799392
2609	0	9.03145391872
2610	0	9.01717369093
2611	0	9.01649472449
2612	0	8.972853718
2613	0	8.93451919731
2614	0	8.9204323068
2615	0	8.91844049071
2616	0	8.87763246334
2617	0	8.87054230629
2618	0	8.86687284795
2619	0	8.85539167313
2620	0	8.83929344317
2621	0	8.83476900099
2622	0	8.78834063385
2623	0	8.76894084123
2624	0	8.75608157726
2625	0	8.72896805862
2626	0	8.72286260545
2627	0	8.69797010722
2628	0	8.69693504667
2629	0	8.68848713609
2630	0	8.6748258058
2631	0	8.65624174798
2632	0	8.64383731587
2633	0	8.63106001124
2634	0	8.62845283579
2635	0	8.59662552187
2636	0	8.56105773775
2637	0	8.55046250473
2638	0	8.52721307665
2639	0	8.52318244286
2640	0	8.51311787075
2641	0	8.51268708595
2642	0	8.50764843936
2643	0	8.487336567
2644	0	8.48454215114
2645	0	8.47464628388
2646	0	8.43340249291
2647	0	8.43054338402
2648	0	8.42535466946
2649	0	8.4224879102
2650	0	8.40044998266
2651	0	8.37118677511
2652	0	8.30860308377
2653	0	8.2962793026
2654	0	8.29140447542
2655	0	8.24820280862
2656	0	8.24435319597
2657	0	8.21659800919
2658	0	8.19594540764
2659	0	8.17698832226
2660	0	8.17621444017
2661	0	8.1626137828
2662	0	8.14943289602
2663	0	8.14795190735
2664	0	8.13913000646
2665	0	8.13342771843
2666	0	8.12780487261
2667	0	8.10932447966
2668	0	8.09923179765
2669	0	8.09572956094
2670	0	8.09338965877
2671	0	8.03520016968
2672	0	8.01578135929
2673	0	7.98609217888
2674	0	7.94761308357
2675	0	7.94262464638
2676	0	7.94188582218
2677	0	7.92726732127
2678	0	7.92532144561
2679	0	7.91739979905
2680	0	7.86223937176
2681	0	7.84585033127
2682	0	7.8361866826
2683	0	7.82234400614
2684	0	7.80115300446
2685	0	7.76895442204
2686	0	7.74812167804
2687	0	7.7437761047
2688	0	7.72253883518
2689	0	7.70564266857
2690	0	7.65416264178
2691	0	7.63230754422
2692	0	7.57493935159
2693	0	7.50452674974
2694	0	7.4964781532
2695	0	7.4854747094
2696	0	7.48102578214
2697	0	7.4385453585
2698	0	7.40527883332
2699	0	7.38364211568
2700	0	7.32975997615
2701	0	7.32827873177
2702	0	7.27614434294
2703	0	7.26111603386
2704	0	7.25454610396
2705	0	7.25427492006
2706	0	7.23414299196
2707	0	7.22908173306
2708	0	7.20317203774
2709	0	7.17724165505
2710	0	7.17490172843
2711	0	7.15788251955
2712	0	7.14429691659
2713	0	7.14252342772
2714	0	7.12794538132
2715	0	7.10533704877
2716	0	7.10444194213
2717	0	7.07204437173
2718	0	7.04704469737
2719	0	7.03177914243
2720	0	6.9982237648
2721	0	6.99774096384
2722	0	6.9703110779
2723	0	6.96268544639
2724	0	6.95723912918
2725	0	6.94350353313
2726	0	6.90097280589
2727	0	6.89925803942
2728	0	6.89666196907
2729	0	6.87709024393
2730	0	6.86969831278
2731	0	6.74522021814
2732	0	6.74477095164
2733	0	6.73919847755
2734	0	6.72662671437
2735	0	6.72431465569
2736	0	6.71660755322
2737	0	6.71641591701
2738	0	6.69122652088
2739	0	6.63102302735
2740	0	6.61386644634
2741	0	6.60321092148
2742	0	6.39183157163
2743	0	6.39174231107
2744	0	6.32349636254
2745	0	6.32287052509
2746	0	6.31905394915
2747	0	6.31570319102
2748	0	6.26014480045
2749	0	6.25283899848
2750	0	6.23066255406
2751	0	6.21130313765
2752	0	6.16833242632
2753	0	6.16766902549
2754	0	6.16313457905
2755	0	6.161170505
2756	0	6.11591705456
2757	0	6.06518382804
2758	0	6.04676924844
2759	0	5.96428600472
2760	0	5.96068800845
2761	0	5.92780298078
2762	0	5.90087409092
2763	0	5.89439826234
2764	0	5.89144285677
2765	0	5.88962448573
2766	0	5.8804961006
2767	0	5.87299397424
2768	0	5.85974997321
2769	0	5.84016374076
2770	0	5.80859702768
2771	0	5.80179847328
2772	0	5.72476715598
2773	0	5.71965672429
2774	0	5.70689577964
2775	0	5.70344851228
2776	0	5.66774691391
2777	0	5.61449975513
2778	0	5.5850555801
2779	0	5.52947747953
2780	0	5.50376320009
2781	0	5.49038377241
2782	0	5.49033591186
2783	0	5.48854873646
2784	0	5.40181415075
2785	0	5.37522894582
2786	0	5.36630667039
2787	0	5.35919457205
2788	0	5.3513519683
2789	0	5.27520462085
2790	0	5.26571756395
2791	0	5.2339961973
2792	0	5.20624150958
2793	0	5.20346124148
2794	0	5.19347238815
2795	0	5.19315663791
2796	0	5.18287185374
2797	0	5.16470869752
2798	0	5.16443895812
2799	0	5.16194185674
2800	0	5.10444830371
2801	0	5.1013201683
2802	0	5.08101622139
2803	0	5.06300385324
2804	0	4.91215348831
2805	0	4.89840258528
2806	0	4.88627952896
2807	0	4.87827433522
2808	0	4.87639063925
2809	0	4.85661814209
2810	0	4.84867002052
2811	0	4.83759356927
2812	0	4.82590477048
2813	0	4.78735538217
2814	0	4.78235473879
2815	0	4.73636839721
2816	0	4.71212071955
2817	0	4.70691139544
2818	0	4.68082070329
2819	0	4.64200143359
2820	0	4.64195006524
2821	0	4.63325542443
2822	0	4.61855579443
2823	0	4.58641062614
2824	0	4.57319991263
2825	0	4.53903891317
2826	0	4.50336837512
2827	0	4.48365249542
2828	0	4.42763404863
2829	0	4.41702871776
2830	0	4.41329402774
2831	0	4.35610477652
2832	0	4.29190671695
2833	0	4.27465968515
2834	0	4.26257670326
2835	0	4.25713728362
2836	0	4.24512429602
2837	0	4.19562935543
2838	0	4.18764809007
2839	0	4.17787952208
2840	0	4.1573675686
2841	0	4.09879878718
2842	0	4.06855215835
2843	0	4.0340012791
2844	0	4.03385616274
2845	0	4.02129273497
2846	0	3.99901403113
2847	0	3.99550941075
2848	0	3.97325796601
2849	0	3.9105203386
2850	0	3.89988304343
2851	0	3.89241875077
2852	0	3.87464247859
2853	0	3.87047378167
2854	0	3.84127905313
2855	0	3.83338287168
2856	0	3.82552305353
2857	0	3.81822953776
2858	0	3.80481270547
2859	0	3.79626262762
2860	0	3.79355222772
2861	0	3.76792793069
2862	0	3.76517308682
2863	0	3.7566860006
2864	0	3.75580412639
2865	0	3.75230456244
2866	0	3.73541613655
2867	0	3.71973007615
2868	0	3.69488780496
2869	0	3.69065793273
2870	0	3.68992381169
2871	0	3.68968230136
2872	0	3.68946217059
2873	0	3.68841078281
2874	0	3.63291059709
2875	0	3.62021284474
2876	0	3.59501241155
2877	0	3.5883848412
2878	0	3.53232537014
2879	0	3.49472797442
2880	0	3.49006837928
2881	0	3.47313562711
2882	0	3.47126168621
2883	0	3.4621119136
2884	0	3.43486226019
2885	0	3.41707215314
2886	0	3.37088168494
2887	0	3.36439482149
2888	0	3.34185038829
2889	0	3.29322515111
2890	0	3.28170841498
2891	0	3.26838042947
2892	0	3.26765249361
2893	0	3.22806874947
2894	0	3.19634549799
2895	0	3.18863823996
2896	0	3.18123676259
2897	0	3.17533420883
2898	0	3.14829413093
2899	0	3.14237446704
2900	0	3.13711101414
2901	0	3.13093434954
2902	0	3.09206056571
2903	0	3.08808679412
2904	0	3.0550625856
2905	0	3.02874484179
2906	0	3.01394548212
2907	0	3.00876535687
2908	0	2.98914125386
2909	0	2.9849864356
2910	0	2.92418360145
2911	0	2.90691945893
2912	0	2.89941003286
2913	0	2.89655250692
2914	0	2.89107049649
2915	0	2.84066741993
2916	0	2.81773794682
2917	0	2.80022888549
2918	0	2.77671358702
2919	0	2.77569583315
2920	0	2.74560152216
2921	0	2.70708329675
2922	0	2.70324763945
2923	0	2.68295723313
2924	0	2.67642300025
2925	0	2.66483943609
2926	0	2.6359931792
2927	0	2.62853910579
2928	0	2.61255375817
2929	0	2.59208086696
2930	0	2.5423673501
2931	0	2.5276490235
2932	0	2.4699392924
2933	0	2.45038621678
2934	0	2.45001068751
2935	0	2.44705589209
2936	0	2.40767943861
2937	0	2.39793579965
2938	0	2.38955392965
2939	0	2.38765032643
2940	0	2.38438139035
2941	0	2.33735299008
2942	0	2.30409809222
2943	0	2.29174074117
2944	0	2.28309752225
2945	0	2.26876651599
2946	0	2.23791413921
2947	0	2.22888336061
2948	0	2.19695152946
2949	0	2.18183273334
2950	0	2.18044176974
2951	0	2.06028068188
2952	0	2.04539715604
2953	0	2.03800249334
2954	0	2.01832312226
2955	0	2.01070175742
2956	0	2.00292007105
2957	0	1.98019239197
2958	0	1.96953786031
2959	0	1.95907751506
2960	0	1.95818141581
2961	0	1.9491596353
2962	0	1.94361331635
2963	0	1.94193410395
2964	0	1.9337389834
2965	0	1.88439990483
2966	0	1.88307404941
2967	0	1.84595561574
2968	0	1.83634153357
2969	0	1.81216904619
2970	0	1.79375936116
2971	0	1.76623524282
2972	0	1.74454168048
2973	0	1.72857089937
2974	0	1.68227619447
2975	0	1.67159341721
2976	0	1.66885249065
2977	0	1.62913278398
2978	0	1.56152757455
2979	0	1.55797160918
2980	0	1.51722645039
2981	0	1.50730931609
2982	0	1.49996673327
2983	0	1.44812532727
2984	0	1.44146654851
2985	0	1.38014991687
2986	0	1.3653337499
2987	0	1.34583196394
2988	0	1.34350214414
2989	0	1.33812625047
2990	0	1.3266826154
2991	0	1.32301515966
2992	0	1.29995674156
2993	0	1.26886700323
2994	0	1.26298148665
2995	0	1.26038577654
2996	0	1.24074322207
2997	0	1.22440733628
2998	0	1.21405327204
2999	0	1.20449408193
3000	0	1.19494682719
3001	0	1.18205318679
3002	0	1.16959502235
3003	0	1.15767888621
3004	0	1.1453399774
3005	0	1.12940870655
3006	0	1.11560062936
3007	0	1.11427685205
3008	0	1.10568096191
3009	0	1.06768570796
3010	0	1.02977800818
3011	0	1.00959870683
3012	0	1.0077819628
3013	0	0.995125221795
3014	0	0.994527229182
3015	0	0.990861087617
3016	0	0.981208077541
3017	0	0.973370695143
3018	0	0.950530729213
3019	0	0.94577321298
3020	0	0.933903279953
3021	0	0.925633129063
3022	0	0.913002845504
3023	0	0.889719456911
3024	0	0.881787905108
3025	0	0.864480467537
3026	0	0.862123524926
3027	0	0.834698159373
3028	0	0.831329127293
3029	0	0.794950842666
3030	0	0.773062317055
3031	0	0.766222907973
3032	0	0.75353398259
3033	0	0.741377878301
3034	0	0.738655526199
3035	0	0.701327964832
3036	0	0.698778973882
3037	0	0.677409695741
3038	0	0.675752820807
3039	0	0.665562058296
3040	0	0.643236458168
3041	0	0.635330552094
3042	0	0.632973828195
3043	0	0.619951560963
3044	0	0.614063444135
3045	0	0.607425918676
3046	0	0.571235995097
3047	0	0.563042585094
3048	0	0.459383534603
3049	0	0.441104591894
3050	0	0.387924695769
3051	0	0.358759043945
3052	0	0.352062663629
3053	0	0.274394163475
3054	0	0.250416860368
3055	0	0.247842408482
3056	0	0.165301134219
3057	0	0.11345099977
3058	0	0.0927147566832
3059	0	0.0717174813991
3060	0	0.0630410351089
3061	0	0.0
3062	0	15.0344140566
3063	0	15.0100924907
3064	0	15.0053700082
3065	0	14.9882759116
3066	0	14.9878761158
3067	0	14.9767305427
3068	0	14.9526787829
3069	0	14.9524468583
3070	0	14.9142555664
3071	0	14.8822464912
3072	0	14.8813998679
3073	0	14.8750902315
3074	0	14.8577356662
3075	0	14.8421571115
3076	0	14.8279533359
3077	0	14.81445982
3078	0	14.7099883036
3079	0	14.6470906832
3080	0	14.6361627059
3081	0	14.6172318988
3082	0	14.6050859827
3083	0	14.5891863887
3084	0	14.563546611
3085	0	14.5499095811
3086	0	14.5092705496
3087	0	14.5063159145
3088	0	14.4744971117
3089	0	14.4657665333
3090	0	14.4561882174
3091	0	14.4538529252
3092	0	14.4410606976
3093	0	14.4296713662
3094	0	14.3858558979
3095	0	14.3752781342
3096	0	14.3645563316
3097	0	14.3352631576
3098	0	14.3347449259
3099	0	14.3301584281
3100	0	14.3071553016
3101	0	14.268574466
3102	0	14.2564356693
3103	0	14.2549990007
3104	0	14.2375895287
3105	0	14.2268839197
3106	0	14.2238538072
3107	0	14.2167275645
3108	0	14.1598093509
3109	0	14.1517401212
3110	0	14.1409660039
3111	0	14.1372947959
3112	0	14.1247283198
3113	0	14.1118124648
3114	0	14.1054013404
3115	0	14.0656046038
3116	0	14.0413842456
3117	0	14.0303575473
3118	0	14.0114292892
3119	0	14.0015129298
3120	0	13.9997704002
3121	0	13.942844763
3122	0	13.8815134893
3123	0	13.8620982274
3124	0	13.862083238
3125	0	13.8118995477
3126	0	13.8021382579
3127	0	13.7911876392
3128	0	13.7834465285
3129	0	13.7832834061
3130	0	13.7354020512
3131	0	13.6657722391
3132	0	13.6305563669
3133	0	13.59506276
3134	0	13.5874003684
3135	0	13.5777224699
3136	0	13.56134026
3137	0	13.5548532422
3138	0	13.49834688
3139	0	13.4875501459
3140	0	13.4861065463
3141	0	13.4585227713
3142	0	13.4581272197
3143	0	13.4195820796
3144	0	13.392617851
3145	0	13.3368131731
3146	0	13.3326894234
3147	0	13.322997568
3148	0	13.3062678417
3149	0	13.2607061686
3150	0	13.256440539
3151	0	13.2429550557
3152	0	13.21624183
3153	0	13.1634156603
3154	0	13.1494528193
3155	0	13.141375779
3156	0	13.1398469314
3157	0	13.1217058192
3158	0	13.1018883111
3159	0	13.0997363543
3160	0	13.0947036709
3161	0	13.0583744529
3162	0	12.9807345792
3163	0	12.9800435793
3164	0	12.9774411552
3165	0	12.9756776796
3166	0	12.9523632808
3167	0	12.9458420061
3168	0	12.9282202108
3169	0	12.8665789828
3170	0	12.839270311
3171	0	12.822667602
3172	0	12.8208991651
3173	0	12.8052411246
3174	0	12.7094074801
3175	0	12.6526751226
3176	0	12.6284674996
3177	0	12.6220211492
3178	0	12.6211791653
3179	0	12.6183830387
3180	0	12.5986826105
3181	0	12.5596881277
3182	0	12.5357376531
3183	0	12.4993249918
3184	0	12.4924165963
3185	0	12.4753384194
3186	0	12.4660012678
3187	0	12.3123804744
3188	0	12.2851710287
3189	0	12.2779957066
3190	0	12.2764614984
3191	0	12.266482974
3192	0	12.236594575
3193	0	12.2245258162
3194	0	12.2080888847
3195	0	12.1898304576
3196	0	12.1857141272
3197	0	12.1771401924
3198	0	12.1460761774
3199	0	12.1169450567
3200	0	12.1093850724
3201	0	12.0973001899
3202	0	12.0958697703
3203	0	12.086018777
3204	0	12.0277388307
3205	0	12.0128861572
3206	0	11.945572264
3207	0	11.9363925612
3208	0	11.9219201102
3209	0	11.9143833024
3210	0	11.8784402339
3211	0	11.8781648213
3212	0	11.8539106591
3213	0	11.8437215764
3214	0	11.7969982557
3215	0	11.7163253434
3216	0	11.6953527083
3217	0	11.6900143863
3218	0	11.6214327038
3219	0	11.5865109673
3220	0	11.5829123328
3221	0	11.5645289829
3222	0	11.5634505313
3223	0	11.555609841
3224	0	11.5275127117
3225	0	11.4779371693
3226	0	11.4421465112
3227	0	11.370534907
3228	0	11.3636755832
3229	0	11.3545188656
3230	0	11.3505844286
3231	0	11.2827316746
3232	0	11.2823836183
3233	0	11.2673811244
3234	0	11.2347074667
3235	0	11.2313470816
3236	0	11.2274081731
3237	0	11.1911460779
3238	0	11.1823288889
3239	0	11.1544149548
3240	0	11.1386871166
3241	0	11.1381759988
3242	0	11.1165053308
3243	0	11.1133062873
3244	0	11.0873187463
3245	0	11.0866577141
3246	0	10.9871050942
3247	0	10.9870867791
3248	0	10.9808124596
3249	0	10.960770291
3250	0	10.9524645445
3251	0	10.9516082518
3252	0	10.9377067186
3253	0	10.876281299
3254	0	10.8684129589
3255	0	10.79230931
3256	0	10.7612692788
3257	0	10.7241409099
3258	0	10.6972920233
3259	0	10.6902416175
3260	0	10.6473122624
3261	0	10.6421114227
3262	0	10.6101731708
3263	0	10.6054229516
3264	0	10.6004557199
3265	0	10.5909971807
3266	0	10.5251064654
3267	0	10.4550828066
3268	0	10.4352891259
3269	0	10.3951585614
3270	0	10.3741193897
3271	0	10.3613564027
3272	0	10.3533139459
3273	0	10.345099562
3274	0	10.3202762448
3275	0	10.2961598916
3276	0	10.2818295781
3277	0	10.1890938155
3278	0	10.1857991493
3279	0	10.1775140754
3280	0	10.1703704123
3281	0	10.1538347033
3282	0	10.1150216003
3283	0	10.0825712981
3284	0	10.0566118049
3285	0	10.0067342659
3286	0	10.0040938852
3287	0	9.99506773082
3288	0	9.98713347438
3289	0	9.9303530195
3290	0	9.92505480041
3291	0	9.91878082604
3292	0	9.89140419683
3293	0	9.87275355184
3294	0	9.86574430969
3295	0	9.844450936
3296	0	9.81021585484
3297	0	9.7916003942
3298	0	9.75944988
3299	0	9.74178485523
3300	0	9.74085170391
3301	0	9.71168942981
3302	0	9.70279767215
3303	0	9.70249393286
3304	0	9.63819891187
3305	0	9.59622322819
3306	0	9.56208403868
3307	0	9.5338809892
3308	0	9.50816640884
3309	0	9.50261716145
3310	0	9.44954961193
3311	0	9.40109063413
3312	0	9.3804132473
3313	0	9.36833893037
3314	0	9.32875397213
3315	0	9.31045158211
3316	0	9.28960386978
3317	0	9.27050196464
3318	0	9.26979457776
3319	0	9.26507928529
3320	0	9.25760240592
3321	0	9.22916914315
3322	0	9.22807409359
3323	0	9.22683601683
3324	0	9.22436939209
3325	0	9.18210589228
3326	0	9.17776773558
3327	0	9.17309926304
3328	0	9.09190690616
3329	0	9.061782411
3330	0	9.02626775248
3331	0	9.01600144973
3332	0	8.97847770007
3333	0	8.90862627544
3334	0	8.9073062086
3335	0	8.849079486
3336	0	8.80493403944
3337	0	8.76987413639
3338	0	8.76776522718
3339	0	8.7072800112
3340	0	8.68095300395
3341	0	8.61738061202
3342	0	8.60653029577
3343	0	8.59887688595
3344	0	8.56471474878
3345	0	8.54286729691
3346	0	8.52209190304
3347	0	8.518646457
3348	0	8.49641270972
3349	0	8.48586489211
3350	0	8.41887718086
3351	0	8.41471337991
3352	0	8.40392338842
3353	0	8.39519736272
3354	0	8.38519762784
3355	0	8.35647733202
3356	0	8.3489968364
3357	0	8.34791434327
3358	0	8.31862944456
3359	0	8.29148995643
3360	0	8.28430965881
3361	0	8.27571738826
3362	0	8.27100326309
3363	0	8.24709916494
3364	0	8.23538754135
3365	0	8.22053148763
3366	0	8.19997396156
3367	0	8.19706760892
3368	0	8.16592950629
3369	0	8.08523186091
3370	0	8.07595419373
3371	0	8.06471972507
3372	0	8.0606625695
3373	0	8.0297211101
3374	0	8.01840350802
3375	0	8.01066923404
3376	0	8.00742815141
3377	0	7.96283888278
3378	0	7.95142157499
3379	0	7.93034690318
3380	0	7.8786968886
3381	0	7.87148876526
3382	0	7.83226975332
3383	0	7.78944162747
3384	0	7.73146637112
3385	0	7.72179292012
3386	0	7.71169979645
3387	0	7.71013123363
3388	0	7.69824491281
3389	0	7.66410684897
3390	0	7.65414823615
3391	0	7.65080441733
3392	0	7.53087642051
3393	0	7.48269901848
3394	0	7.45868889366
3395	0	7.42391467506
3396	0	7.36113265749
3397	0	7.30936977861
3398	0	7.26581103547
3399	0	7.25073942619
3400	0	7.24580226517
3401	0	7.16940365328
3402	0	7.16795275117
3403	0	7.14375091916
3404	0	7.09472661573
3405	0	7.05736248834
3406	0	7.03493027346
3407	0	7.02390123776
3408	0	7.0199579281
3409	0	7.00843931405
3410	0	6.96598574287
3411	0	6.94843948607
3412	0	6.93683855148
3413	0	6.93542276735
3414	0	6.93475129971
3415	0	6.92442867111
3416	0	6.92177386644
3417	0	6.90847753551
3418	0	6.8517528804
3419	0	6.85082448737
3420	0	6.83801813318
3421	0	6.79147911805
3422	0	6.784880903
3423	0	6.75427402113
3424	0	6.75048477636
3425	0	6.71946757409
3426	0	6.70976735252
3427	0	6.67324141473
3428	0	6.62048354947
3429	0	6.59878842779
3430	0	6.58359409984
3431	0	6.58199420327
3432	0	6.56819782256
3433	0	6.5639439149
3434	0	6.55060347943
3435	0	6.53739632787
3436	0	6.53321559433
3437	0	6.52056779492
3438	0	6.52054985948
3439	0	6.5204160236
3440	0	6.50905483019
3441	0	6.49852229194
3442	0	6.46170236927
3443	0	6.44793594372
3444	0	6.41994945357
3445	0	6.41863968307
3446	0	6.35631284876
3447	0	6.33904206483
3448	0	6.33583001393
3449	0	6.33470561175
3450	0	6.32888198075
3451	0	6.32581286859
3452	0	6.30160858926
3453	0	6.28489652502
3454	0	6.27436117524
3455	0	6.27232843067
3456	0	6.25888012564
3457	0	6.25308117549
3458	0	6.22799844342
3459	0	6.18670585133
3460	0	6.1818305499
3461	0	6.17911905718
3462	0	6.17646837379
3463	0	6.15753956005
3464	0	6.15235181591
3465	0	6.12991751755
3466	0	6.10037413155
3467	0	6.09331830158
3468	0	6.08697104132
3469	0	6.03356532147
3470	0	6.01306368954
3471	0	6.00664471141
3472	0	5.98312127151
3473	0	5.97963853816
3474	0	5.95008094435
3475	0	5.9345328491
3476	0	5.92778270482
3477	0	5.89090667475
3478	0	5.86200563798
3479	0	5.85251571128
3480	0	5.8059076189
3481	0	5.75178855615
3482	0	5.74542697773
3483	0	5.69841631037
3484	0	5.69080376492
3485	0	5.68571250142
3486	0	5.66214066279
3487	0	5.66124273237
3488	0	5.65941121427
3489	0	5.6495539349
3490	0	5.63611399444
3491	0	5.61369481858
3492	0	5.59078525886
3493	0	5.59062569509
3494	0	5.58800815969
3495	0	5.57491624481
3496	0	5.56782373147
3497	0	5.56715024481
3498	0	5.54077790996
3499	0	5.51832527631
3500	0	5.51122642923
3501	0	5.50556076681
3502	0	5.50450468881
3503	0	5.48244598906
3504	0	5.40509408952
3505	0	5.39763562019
3506	0	5.3970475758
3507	0	5.39029467832
3508	0	5.37253541517
3509	0	5.36229673566
3510	0	5.35496379593
3511	0	5.35316228623
3512	0	5.31976709837
3513	0	5.30370257724
3514	0	5.30260090263
3515	0	5.29538143905
3516	0	5.27595379669
3517	0	5.26594481624
3518	0	5.25607413087
3519	0	5.24871686216
3520	0	5.24505056775
3521	0	5.23531655413
3522	0	5.21134667085
3523	0	5.20407409877
3524	0	5.2008506105
3525	0	5.17506450186
3526	0	5.17039904542
3527	0	5.14985638319
3528	0	5.14314195299
3529	0	5.11873702806
3530	0	5.1117806339
3531	0	5.08412779458
3532	0	5.0651003166
3533	0	5.05781798098
3534	0	5.0411962298
3535	0	5.03709217502
3536	0	5.02113285812
3537	0	5.01236669988
3538	0	5.01147808769
3539	0	5.00622280798
3540	0	4.98260879087
3541	0	4.94675015683
3542	0	4.94048950188
3543	0	4.92218663489
3544	0	4.92041715018
3545	0	4.91140779666
3546	0	4.82542590839
3547	0	4.81783661507
3548	0	4.80014556979
3549	0	4.79984535499
3550	0	4.76946248482
3551	0	4.73797396386
3552	0	4.73564261874
3553	0	4.73154228039
3554	0	4.71947819607
3555	0	4.71627885503
3556	0	4.71063886584
3557	0	4.70935360625
3558	0	4.68238344136
3559	0	4.67805418302
3560	0	4.67563107719
3561	0	4.6520010891
3562	0	4.6484396349
3563	0	4.63910234919
3564	0	4.62036864914
3565	0	4.61208046304
3566	0	4.57547897706
3567	0	4.56110207509
3568	0	4.55018295254
3569	0	4.51887716537
3570	0	4.51865574065
3571	0	4.51308512386
3572	0	4.48510308519
3573	0	4.45224294283
3574	0	4.45071634015
3575	0	4.43246432288
3576	0	4.38212498981
3577	0	4.37902549814
3578	0	4.34150021884
3579	0	4.33130400856
3580	0	4.32079671325
3581	0	4.31211994259
3582	0	4.22043454668
3583	0	4.20226243523
3584	0	4.18797233116
3585	0	4.18778500838
3586	0	4.15916840526
3587	0	4.13964404582
3588	0	4.12874737665
3589	0	4.10545653672
3590	0	4.09067807922
3591	0	3.97373383309
3592	0	3.9326046298
3593	0	3.92502758152
3594	0	3.88234374843
3595	0	3.86059367252
3596	0	3.81254086537
3597	0	3.79955238596
3598	0	3.77163357561
3599	0	3.75397916464
3600	0	3.71758518976
3601	0	3.70673676498
3602	0	3.6609969961
3603	0	3.62040898881
3604	0	3.60427413023
3605	0	3.5486600454
3606	0	3.51965893981
3607	0	3.49854391122
3608	0	3.47182100919
3609	0	3.45900918563
3610	0	3.41929935285
3611	0	3.38908265501
3612	0	3.34280880487
3613	0	3.27981092628
3614	0	3.25700938346
3615	0	3.25377340648
3616	0	3.24374600528
3617	0	3.23146567621
3618	0	3.21875357455
3619	0	3.17681763834
3620	0	3.17582299558
3621	0	3.16644415567
3622	0	3.1438689658
3623	0	3.12919138188
3624	0	3.11927182645
3625	0	3.11582281362
3626	0	3.11157691159
3627	0	3.10859892351
3628	0	3.06219594244
3629	0	3.04727387641
3630	0	3.01831682191
3631	0	3.01536781049
3632	0	2.99551906265
3633	0	2.99320073303
3634	0	2.99232697633
3635	0	2.98650427295
3636	0	2.98250650547
3637	0	2.9756891439
3638	0	2.97303345536
3639	0	2.97256810102
3640	0	2.96858005002
3641	0	2.9439986556
3642	0	2.92830286813
3643	0	2.870863486
3644	0	2.86789425985
3645	0	2.85299252062
3646	0	2.84795037206
3647	0	2.78976259655
3648	0	2.77542703959
3649	0	2.77401112239
3650	0	2.74764780506
3651	0	2.72503436425
3652	0	2.71535781623
3653	0	2.68543670155
3654	0	2.67039699104
3655	0	2.63814521293
3656	0	2.63471726422
3657	0	2.62767401326
3658	0	2.61951066104
3659	0	2.6135724471
3660	0	2.61189045406
3661	0	2.55831160678
3662	0	2.53595156891
3663	0	2.52372665346
3664	0	2.51247711911
3665	0	2.50928985497
3666	0	2.46976618734
3667	0	2.4689503148
3668	0	2.45588253851
3669	0	2.41061101365
3670	0	2.39394469992
3671	0	2.32810543705
3672	0	2.29947460893
3673	0	2.2987411347
3674	0	2.27956557735
3675	0	2.2674204303
3676	0	2.21744210194
3677	0	2.20612722193
3678	0	2.15531778379
3679	0	2.14972507523
3680	0	2.13038394114
3681	0	2.10040515025
3682	0	2.09964674393
3683	0	2.08954601904
3684	0	2.08169961871
3685	0	2.02931041573
3686	0	2.01944547346
3687	0	2.00077140619
3688	0	1.998853282
3689	0	1.96846447433
3690	0	1.95510385182
3691	0	1.92847012108
3692	0	1.89387287406
3693	0	1.87307148461
3694	0	1.85437691035
3695	0	1.82747506265
3696	0	1.82708937751
3697	0	1.80337955654
3698	0	1.70961902185
3699	0	1.66586039223
3700	0	1.65733788482
3701	0	1.64641365667
3702	0	1.64585467709
3703	0	1.64333561599
3704	0	1.62821568679
3705	0	1.56319714131
3706	0	1.55388717082
3707	0	1.54994059225
3708	0	1.50979607951
3709	0	1.5065811694
3710	0	1.50141411185
3711	0	1.45874792355
3712	0	1.44682247401
3713	0	1.37957511338
3714	0	1.37748185756
3715	0	1.37714476035
3716	0	1.37255644232
3717	0	1.37084013128
3718	0	1.36809265197
3719	0	1.3649642677
3720	0	1.35508920005
3721	0	1.29832571847
3722	0	1.2775590364
3723	0	1.23526913455
3724	0	1.21736079796
3725	0	1.20930082375
3726	0	1.19483753797
3727	0	1.18235060311
3728	0	1.17130285303
3729	0	1.16657107707
3730	0	1.08147576816
3731	0	1.07853395784
3732	0	1.07192001322
3733	0	1.05671150322
3734	0	1.05393140783
3735	0	0.978986023109
3736	0	0.964731391454
3737	0	0.94858088659
3738	0	0.94699193518
3739	0	0.928867039952
3740	0	0.925969403272
3741	0	0.92180118306
3742	0	0.869945289913
3743	0	0.864204637323
3744	0	0.828598328211
3745	0	0.798828855528
3746	0	0.793385630216
3747	0	0.769612962614
3748	0	0.728638304572
3749	0	0.704874961521
3750	0	0.70079151008
3751	0	0.685291322465
3752	0	0.659256476247
3753	0	0.652233613538
3754	0	0.638334822905
3755	0	0.626660216003
3756	0	0.615801122247
3757	0	0.594427040093
3758	0	0.580651833425
3759	0	0.567962624374
3760	0	0.566365362835
3761	0	0.536707518284
3762	0	0.499829557919
3763	0	0.498559616315
3764	0	0.476590449686
3765	0	0.465836894441
3766	0	0.415745009388
3767	0	0.389736152246
3768	0	0.352295180728
3769	0	0.339024548443
3770	0	0.313556517513
3771	0	0.301468113413
3772	0	0.249350854332
3773	0	0.214711228365
3774	0	0.211506297959
3775	0	0.207443974298
3776	0	0.168200814999
3777	0	0.14947675759
3778	0	0.0829045868402
3779	0	0.0652587335575
3780	0	0.056020239691
3781	0	0.0
3782	0	14.9228493659
3783	0	14.9191931851
3784	0	14.9184147921
3785	0	14.8620072008
3786	0	14.856783046
3787	0	14.8488266668
3788	0	14.8485218747
3789	0	14.8348190859
3790	0	14.8224680825
3791	0	14.8006604885
3792	0	14.7916039821
3793	0	14.7868501113
3794	0	14.7669551553
3795	0	14.7648417268
3796	0	14.741039461
3797	0	14.7235913195
3798	0	14.6889137236
3799	0	14.6824653198
3800	0	14.6701939577
3801	0	14.6510228602
3802	0	14.6218719902
3803	0	14.5746544723
3804	0	14.5702320319
3805	0	14.5638045998
3806	0	14.5541190543
3807	0	14.5506683312
3808	0	14.5277180481
3809	0	14.5171570418
3810	0	14.5155325397
3811	0	14.5149339979
3812	0	14.4751780412
3813	0	14.4663152141
3814	0	14.4525329783
3815	0	14.4230592863
3816	0	14.4153184886
3817	0	14.4069332165
3818	0	14.404149006
3819	0	14.399108532
3820	0	14.3411617266
3821	0	14.3196195376
3822	0	14.2908172616
3823	0	14.2837326853
3824	0	14.2631714435
3825	0	14.259856313
3826	0	14.2346380226
3827	0	14.2198996593
3828	0	14.205433445
3829	0	14.1965364075
3830	0	14.1554216132
3831	0	14.1113998796
3832	0	14.1034174837
3833	0	14.0525397284
3834	0	14.0475591059
3835	0	14.0164586731
3836	0	14.0015158319
3837	0	13.984377558
3838	0	13.9728471614
3839	0	13.9630145094
3840	0	13.9448206415
3841	0	13.9438547112
3842	0	13.9154518523
3843	0	13.9100683595
3844	0	13.89418893
3845	0	13.8852741168
3846	0	13.8673781485
3847	0	13.8607942558
3848	0	13.8481316351
3849	0	13.8171071329
3850	0	13.8123052092
3851	0	13.8083302674
3852	0	13.7913738938
3853	0	13.7852256681
3854	0	13.7845933706
3855	0	13.7667173552
3856	0	13.7574410009
3857	0	13.7488850899
3858	0	13.6761466321
3859	0	13.6439951773
3860	0	13.6019216926
3861	0	13.5832957356
3862	0	13.5776375608
3863	0	13.5767772933
3864	0	13.5638339991
3865	0	13.5321864539
3866	0	13.5167637268
3867	0	13.4590684436
3868	0	13.3513356731
3869	0	13.3512266112
3870	0	13.3482219662
3871	0	13.3293806077
3872	0	13.3080784883
3873	0	13.3002643856
3874	0	13.2904137174
3875	0	13.2784754575
3876	0	13.1556862614
3877	0	13.1548956385
3878	0	13.1321300273
3879	0	13.1305997675
3880	0	13.1119271325
3881	0	13.0969338764
3882	0	13.0722189714
3883	0	13.0341465072
3884	0	12.9963631566
3885	0	12.9936428869
3886	0	12.9628679972
3887	0	12.9580369543
3888	0	12.957010344
3889	0	12.9563195056
3890	0	12.9256119675
3891	0	12.9208352273
3892	0	12.8959552451
3893	0	12.8858503221
3894	0	12.7639528945
3895	0	12.7182794397
3896	0	12.6820923743
3897	0	12.6357200816
3898	0	12.5869622913
3899	0	12.5241948862
3900	0	12.5078197844
3901	0	12.4987147383
3902	0	12.480177529
3903	0	12.3963589096
3904	0	12.3950544017
3905	0	12.3867378824
3906	0	12.34063511
3907	0	12.3236066867
3908	0	12.2955742145
3909	0	12.2700098461
3910	0	12.2676252816
3911	0	12.2570284474
3912	0	12.2337290377
3913	0	12.2310796663
3914	0	12.2285451695
3915	0	12.1999240229
3916	0	12.1851985668
3917	0	12.1157439613
3918	0	12.1089879207
3919	0	12.1069012341
3920	0	12.1041495723
3921	0	12.1030846896
3922	0	12.097649939
3923	0	12.0733949398
3924	0	12.0661169712
3925	0	11.9647910268
3926	0	11.929330518
3927	0	11.9234237818
3928	0	11.9233671477
3929	0	11.9164156154
3930	0	11.840585648
3931	0	11.8207987932
3932	0	11.7814281121
3933	0	11.6722407029
3934	0	11.6405453261
3935	0	11.6034286194
3936	0	11.590777598
3937	0	11.5762083999
3938	0	11.5359882943
3939	0	11.5340836508
3940	0	11.5247712702
3941	0	11.5159293998
3942	0	11.5082641956
3943	0	11.5039394184
3944	0	11.4938344191
3945	0	11.4850627923
3946	0	11.4825245281
3947	0	11.4000970722
3948	0	11.2956590314
3949	0	11.2593513872
3950	0	11.2419844064
3951	0	11.181165798
3952	0	11.1582374795
3953	0	11.134512214
3954	0	11.0506856892
3955	0	11.0193287489
3956	0	11.0107864586
3957	0	10.9791537386
3958	0	10.9556618314
3959	0	10.9535290661
3960	0	10.947329306
3961	0	10.943438909
3962	0	10.9112515136
3963	0	10.910181511
3964	0	10.8659264139
3965	0	10.8604197461
3966	0	10.8454866404
3967	0	10.8431985912
3968	0	10.8306314667
3969	0	10.8277912324
3970	0	10.8238021765
3971	0	10.8166397025
3972	0	10.8057522149
3973	0	10.7612027659
3974	0	10.7596855197
3975	0	10.7333513289
3976	0	10.7186986176
3977	0	10.7109739643
3978	0	10.7092800829
3979	0	10.7064618188
3980	0	10.6923320997
3981	0	10.6706603362
3982	0	10.6278128164
3983	0	10.6091602342
3984	0	10.590354217
3985	0	10.5637601852
3986	0	10.5491274057
3987	0	10.5305308703
3988	0	10.5198148041
3989	0	10.5134511734
3990	0	10.4693979423
3991	0	10.4508619389
3992	0	10.4085863401
3993	0	10.4066567768
3994	0	10.3864364391
3995	0	10.3634136245
3996	0	10.3381510988
3997	0	10.3255889691
3998	0	10.3045367048
3999	0	10.3024113386
4000	0	10.3004403308
4001	0	10.2794973776
4002	0	10.2584319141
4003	0	10.2339315733
4004	0	10.1944420803
4005	0	10.1906183372
4006	0	10.1680799756
4007	0	10.0839764924
4008	0	10.081975172
4009	0	10.0546517829
4010	0	10.00226486
4011	0	9.99890082397
4012	0	9.98836779555
4013	0	9.94275819874
4014	0	9.94020818377
4015	0	9.9253103844
4016	0	9.91824543406
4017	0	9.9112201274
4018	0	9.89750059565
4019	0	9.8939139224
4020	0	9.81331665888
4021	0	9.79803637849
4022	0	9.74088351084
4023	0	9.72316649171
4024	0	9.71394881148
4025	0	9.71083220279
4026	0	9.63281334274
4027	0	9.6315834052
4028	0	9.60998250828
4029	0	9.5796641098
4030	0	9.57025969061
4031	0	9.56527298736
4032	0	9.56140821379
4033	0	9.56033358675
4034	0	9.55608959866
4035	0	9.54236651221
4036	0	9.5333517083
4037	0	9.53218546787
4038	0	9.51556973483
4039	0	9.49206864498
4040	0	9.46640491397
4041	0	9.44212540843
4042	0	9.42295646565
4043	0	9.4134094672
4044	0	9.39903195869
4045	0	9.38496935652
4046	0	9.37363848404
4047	0	9.35098282661
4048	0	9.35019715354
4049	0	9.34234728846
4050	0	9.32763462222
4051	0	9.3137792523
4052	0	9.29361360172
4053	0	9.28814731499
4054	0	9.2718883868
4055	0	9.25207480594
4056	0	9.23168914617
4057	0	9.19822638415
4058	0	9.1441387425
4059	0	9.14412447544
4060	0	9.13892456531
4061	0	9.11568288254
4062	0	9.10099947542
4063	0	9.09870759929
4064	0	9.0730917996
4065	0	9.00026284811
4066	0	8.96700862987
4067	0	8.96137129053
4068	0	8.92881867777
4069	0	8.90591956593
4070	0	8.8833661741
4071	0	8.83638506095
4072	0	8.81581251933
4073	0	8.81441547627
4074	0	8.79330688555
4075	0	8.79118490308
4076	0	8.78091241974
4077	0	8.7651539132
4078	0	8.74732291973
4079	0	8.73351123826
4080	0	8.72888768019
4081	0	8.71964674978
4082	0	8.71540134638
4083	0	8.70555705046
4084	0	8.66964089911
4085	0	8.66550896867
4086	0	8.61738335598
4087	0	8.60539911661
4088	0	8.58899938056
4089	0	8.58573345422
4090	0	8.56974243622
4091	0	8.55297373514
4092	0	8.52690750595
4093	0	8.52047102719
4094	0	8.46241389142
4095	0	8.46147702289
4096	0	8.43376132275
4097	0	8.42774910443
4098	0	8.41971824974
4099	0	8.41194521449
4100	0	8.40699047515
4101	0	8.39812010474
4102	0	8.38263032726
4103	0	8.37480595046
4104	0	8.37192531445
4105	0	8.34893227798
4106	0	8.34887196515
4107	0	8.33393747598
4108	0	8.33139806827
4109	0	8.32994656897
4110	0	8.2996352326
4111	0	8.28425898224
4112	0	8.25318300251
4113	0	8.24675849406
4114	0	8.22438431084
4115	0	8.19804937944
4116	0	8.19451249678
4117	0	8.19347076553
4118	0	8.18892542973
4119	0	8.16897882221
4120	0	8.15014892763
4121	0	8.14323573702
4122	0	8.14153248393
4123	0	8.14056273231
4124	0	8.13003628999
4125	0	8.10106490179
4126	0	8.07647558035
4127	0	8.0657014916
4128	0	8.06132519542
4129	0	8.05921833115
4130	0	8.01913856774
4131	0	7.96409852382
4132	0	7.93683463975
4133	0	7.92948032908
4134	0	7.89272744815
4135	0	7.89063976697
4136	0	7.87102311953
4137	0	7.85834321386
4138	0	7.84998586662
4139	0	7.82381807265
4140	0	7.81434782821
4141	0	7.80450634762
4142	0	7.79833898765
4143	0	7.77917703526
4144	0	7.77270800183
4145	0	7.73548058638
4146	0	7.72597938652
4147	0	7.71257849363
4148	0	7.70434891344
4149	0	7.68356670777
4150	0	7.6729177745
4151	0	7.64819567752
4152	0	7.63909030664
4153	0	7.609953033
4154	0	7.51873024637
4155	0	7.47984820511
4156	0	7.47741767342
4157	0	7.46816260213
4158	0	7.45256400077
4159	0	7.45117867485
4160	0	7.44100618274
4161	0	7.44058429768
4162	0	7.41197401349
4163	0	7.38655658141
4164	0	7.37378988372
4165	0	7.36422434541
4166	0	7.35145805241
4167	0	7.34351598897
4168	0	7.33620070191
4169	0	7.32072985517
4170	0	7.23370201972
4171	0	7.21283914454
4172	0	7.20046708708
4173	0	7.19046171993
4174	0	7.17735583354
4175	0	7.14393420088
4176	0	7.13045856232
4177	0	7.12500127586
4178	0	7.09769412311
4179	0	7.07825535317
4180	0	7.06720569493
4181	0	7.04296810737
4182	0	7.0103870916
4183	0	6.96124696401
4184	0	6.94333597457
4185	0	6.92271713398
4186	0	6.89660673597
4187	0	6.87096708828
4188	0	6.8648960714
4189	0	6.8616891776
4190	0	6.84699409738
4191	0	6.77407371345
4192	0	6.76702078178
4193	0	6.74466125437
4194	0	6.71252753744
4195	0	6.7114876301
4196	0	6.65526447417
4197	0	6.63168803484
4198	0	6.63162019322
4199	0	6.62281537873
4200	0	6.61932191043
4201	0	6.61209895018
4202	0	6.60082822414
4203	0	6.53992654643
4204	0	6.52767923429
4205	0	6.46467405542
4206	0	6.45210923314
4207	0	6.42358806411
4208	0	6.41878310364
4209	0	6.40704151146
4210	0	6.38510397429
4211	0	6.37224854012
4212	0	6.34892800922
4213	0	6.34233186989
4214	0	6.31080012072
4215	0	6.29266669422
4216	0	6.23151927277
4217	0	6.22643349969
4218	0	6.22423947457
4219	0	6.20786550457
4220	0	6.20703203182
4221	0	6.13227077576
4222	0	6.11477066485
4223	0	6.11442223464
4224	0	6.11078846762
4225	0	6.10857644462
4226	0	6.10136295494
4227	0	6.07582286924
4228	0	6.06906004368
4229	0	6.06390529499
4230	0	6.05759259767
4231	0	6.01707287667
4232	0	5.99702524446
4233	0	5.94728432846
4234	0	5.9388402005
4235	0	5.92978851855
4236	0	5.92690152805
4237	0	5.87267860708
4238	0	5.82996648878
4239	0	5.80794563489
4240	0	5.80710544139
4241	0	5.80377553574
4242	0	5.79964676409
4243	0	5.74972476812
4244	0	5.73675455114
4245	0	5.73294513249
4246	0	5.71494643894
4247	0	5.69901171438
4248	0	5.63074769947
4249	0	5.6178924432
4250	0	5.61370071259
4251	0	5.56598319298
4252	0	5.52649655597
4253	0	5.48658561434
4254	0	5.45571398222
4255	0	5.44492850181
4256	0	5.42725322729
4257	0	5.42689421787
4258	0	5.41371650113
4259	0	5.40175279684
4260	0	5.38826609031
4261	0	5.36385841962
4262	0	5.36328431058
4263	0	5.36009916122
4264	0	5.35278424255
4265	0	5.34949564365
4266	0	5.33582858392
4267	0	5.32903394977
4268	0	5.31326967946
4269	0	5.29831982741
4270	0	5.28425867766
4271	0	5.27067002816
4272	0	5.26944575972
4273	0	5.25779607027
4274	0	5.25666397819
4275	0	5.25639123
4276	0	5.25014433839
4277	0	5.24722396733
4278	0	5.23487390341
4279	0	5.17153133954
4280	0	5.15744552927
4281	0	5.0706900343
4282	0	5.05003097254
4283	0	5.03920902524
4284	0	5.037569859
4285	0	5.02171330814
4286	0	5.0034069966
4287	0	4.94323712006
4288	0	4.93782480449
4289	0	4.89528444408
4290	0	4.88946951477
4291	0	4.84815197311
4292	0	4.84806131021
4293	0	4.82989884334
4294	0	4.82561422081
4295	0	4.80681301706
4296	0	4.8021503243
4297	0	4.79595233574
4298	0	4.76211367068
4299	0	4.76073911966
4300	0	4.75565859302
4301	0	4.73991145888
4302	0	4.69912691147
4303	0	4.66610837075
4304	0	4.57159630797
4305	0	4.50490142425
4306	0	4.49764047254
4307	0	4.49485033865
4308	0	4.47927788414
4309	0	4.44866002638
4310	0	4.3978452722
4311	0	4.37469921691
4312	0	4.36778466682
4313	0	4.29875348917
4314	0	4.27569941379
4315	0	4.2753507776
4316	0	4.20925507167
4317	0	4.20686213202
4318	0	4.14650076731
4319	0	4.12212361149
4320	0	4.11807931794
4321	0	4.10963691398
4322	0	4.09544451146
4323	0	4.08327877366
4324	0	4.07809747335
4325	0	4.0703294391
4326	0	4.00128914649
4327	0	3.99923415497
4328	0	3.99151473672
4329	0	3.98570330627
4330	0	3.96943265197
4331	0	3.9586709375
4332	0	3.94403985077
4333	0	3.92054533521
4334	0	3.91762679786
4335	0	3.90988749556
4336	0	3.90986113893
4337	0	3.89371654975
4338	0	3.82691613508
4339	0	3.82328448508
4340	0	3.81712754923
4341	0	3.8111364761
4342	0	3.75461865047
4343	0	3.75419644147
4344	0	3.74374064207
4345	0	3.73289647779
4346	0	3.70196635009
4347	0	3.65250828234
4348	0	3.65064965612
4349	0	3.64315617506
4350	0	3.64242797923
4351	0	3.62578190272
4352	0	3.6206192152
4353	0	3.58935980875
4354	0	3.55887254715
4355	0	3.55886302364
4356	0	3.53961656951
4357	0	3.52252028736
4358	0	3.43905230899
4359	0	3.42614035396
4360	0	3.40657521362
4361	0	3.40062133344
4362	0	3.3991827007
4363	0	3.39653557014
4364	0	3.39368994462
4365	0	3.38658707644
4366	0	3.38457361274
4367	0	3.3837479506
4368	0	3.38101926185
4369	0	3.37203368904
4370	0	3.35810790804
4371	0	3.35595381791
4372	0	3.33793487351
4373	0	3.33115280592
4374	0	3.31441860811
4375	0	3.28524740033
4376	0	3.26252807258
4377	0	3.23177042936
4378	0	3.21224494598
4379	0	3.20319773019
4380	0	3.14419334161
4381	0	3.13923841382
4382	0	3.13328766698
4383	0	3.11154440107
4384	0	3.09869408179
4385	0	3.06471294461
4386	0	3.02355561691
4387	0	3.0097614829
4388	0	3.00586315536
4389	0	2.96874918931
4390	0	2.95290891061
4391	0	2.92262165436
4392	0	2.89893068705
4393	0	2.89259259388
4394	0	2.86522803794
4395	0	2.85666782723
4396	0	2.84822852473
4397	0	2.79075745196
4398	0	2.73144117403
4399	0	2.70679327585
4400	0	2.69289417696
4401	0	2.66235303919
4402	0	2.63758583676
4403	0	2.62969059558
4404	0	2.61442753965
4405	0	2.60709685404
4406	0	2.60431304168
4407	0	2.56099009612
4408	0	2.51110880583
4409	0	2.49788345305
4410	0	2.49523580276
4411	0	2.46845853976
4412	0	2.44054680693
4413	0	2.42075156093
4414	0	2.39553051745
4415	0	2.33674681776
4416	0	2.29334695551
4417	0	2.26754144182
4418	0	2.21141677685
4419	0	2.20164122413
4420	0	2.19827118434
4421	0	2.1118881249
4422	0	2.10541707966
4423	0	2.10342934584
4424	0	2.06420729864
4425	0	2.03848170238
4426	0	2.0144839303
4427	0	2.00733898918
4428	0	1.99729664061
4429	0	1.99437124398
4430	0	1.94852820247
4431	0	1.94610599259
4432	0	1.94504318517
4433	0	1.93662462742
4434	0	1.92208409132
4435	0	1.91554866476
4436	0	1.89665767756
4437	0	1.87614316022
4438	0	1.87539661818
4439	0	1.84063241988
4440	0	1.80362116327
4441	0	1.79489896147
4442	0	1.78374500806
4443	0	1.78005549678
4444	0	1.77811821185
4445	0	1.7510958118
4446	0	1.74579365906
4447	0	1.69776341703
4448	0	1.65519236124
4449	0	1.64739424468
4450	0	1.63945919303
4451	0	1.61259886293
4452	0	1.56972145901
4453	0	1.51043968455
4454	0	1.49334598449
4455	0	1.48138605625
4456	0	1.45443537883
4457	0	1.44849368143
4458	0	1.41203607808
4459	0	1.40970647323
4460	0	1.38681855222
4461	0	1.37106090898
4462	0	1.34931660622
4463	0	1.29697289479
4464	0	1.26363229854
4465	0	1.25416449793
4466	0	1.24364374697
4467	0	1.23357232469
4468	0	1.2121984942
4469	0	1.15621768017
4470	0	1.11345723711
4471	0	1.10701141878
4472	0	1.09078469561
4473	0	1.08217687288
4474	0	1.06998762251
4475	0	1.06588487507
4476	0	1.06561231401
4477	0	1.02920916316
4478	0	1.01952855756
4479	0	1.01830192314
4480	0	0.992852512964
4481	0	0.986663741648
4482	0	0.975298041033
4483	0	0.964019838978
4484	0	0.942185702438
4485	0	0.932476766232
4486	0	0.870097026749
4487	0	0.778027238792
4488	0	0.774609168174
4489	0	0.739378448392
4490	0	0.733049509252
4491	0	0.7327102699
4492	0	0.706579521286
4493	0	0.678923819154
4494	0	0.677561684074
4495	0	0.645582269602
4496	0	0.635567599145
4497	0	0.616129334571
4498	0	0.611262933476
4499	0	0.608267324475
4500	0	0.591501128479
4501	0	0.584179320021
4502	0	0.572582615497
4503	0	0.565725523652
4504	0	0.548381917873
4505	0	0.545245339694
4506	0	0.534781059603
4507	0	0.522841715361
4508	0	0.521706419434
4509	0	0.488536364495
4510	0	0.4861854196
4511	0	0.47633819759
4512	0	0.467898521704
4513	0	0.463929483774
4514	0	0.444984861038
4515	0	0.421351099217
4516	0	0.412643098986
4517	0	0.399492996177
4518	0	0.390351051139
4519	0	0.383473462191
4520	0	0.38144550803
4521	0	0.303101001132
4522	0	0.294220956268
4523	0	0.292196660482
4524	0	0.26747813966
4525	0	0.264939165031
4526	0	0.241304095306
4527	0	0.190878078286
4528	0	0.17545340472
4529	0	0.150331171953
4530	0	0.13795672517
4531	0	0.110632469964
4532	0	0.106770126459
4533	0	0.106589870235
4534	0	0.101479821853
4535	0	0.0962366195922
4536	0	0.082524450362
4537	0	0.0675552261514
4538	0	0.0401174614023
4539	0	0.0203785417551
4540	0	0.0155409307871
4541	0	0.0
4542	0	0
4543	0	0
4544	0	0
4545	0	0
4546	0	0
4547	0	0
4548	0	0
4549	0	0
4550	0	0
4551	0	0
4552	0	0
4553	0	0
4554	0	0
4555	0	0
4556	0	0
4557	0	0
4558	0	0
4559	0	0
4560	0	0
4561	0	0
4562	0	0
4563	0	0
4564	0	0
4565	0	0
4566	0	0
4567	0	0
4568	0	0
4569	0	0
4570	0	0
4571	0	0
4572	0	0
4573	0	0
4574	0	0
4575	0	0
4576	0	0
4577	0	0
4578	0	0
4579	0	0
4580	0	0
4581	0	0
4582	0	0
4583	0	0
4584	0	0
4585	0	0
4586	0	0
4587	0	0
4588	0	0
4589	0	0
4590	0	0
4591	0	0
4592	0	0
4593	0	0
4594	0	0
4595	0	0
4596	0	0
4597	0	0
4598	0	0
4599	0	0
4600	0	0
4601	0	0
4602	0	0
4603	0	0
4604	0	0
4605	0	0
4606	0	0
4607	0	0
4608	0	0
4609	0	0
4610	0	0
4611	0	0
4612	0	0
4613	0	0
4614	0	0
4615	0	0
4616	0	0
4617	0	0
4618	0	0
4619	0	0
4620	0	0
4621	0	0
4622	0	0
4623	0	0
4624	0	0
4625	0	0
4626	0	0
4627	0	0
4628	0	0
4629	0	0
4630	0	0
4631	0	0
4632	0	0
4633	0	0
4634	0	0
4635	0	0
4636	0	0
4637	0	0
4638	0	0
4639	0	0
4640	0	0
4641	0	0
4642	0	0
4643	0	0
4644	0	0
4645	0	0
4646	0	0
4647	0	0
4648	0	0
4649	0	0
4650	0	0
4651	0	0
4652	0	0
4653	0	0
4654	0	0
4655	0	0
4656	0	0
4657	0	0
4658	0	0
4659	0	0
4660	0	0
4661	0	0
4662	0	0
4663	0	0
4664	0	0
4665	0	0
4666	0	0
4667	0	0
4668	0	0
4669	0	0
4670	0	0
4671	0	0
4672	0	0
4673	0	0
4674	0	0
4675	0	0
4676	0	0
4677	0	0
4678	0	0
4679	0	0
4680	0	0
4681	0	0
4682	0	0
4683	0	0
4684	0	0
4685	0	0
4686	0	0
4687	0	0
4688	0	0
4689	0	0
4690	0	0
4691	0	0
4692	0	0
4693	0	0
4694	0	0
4695	0	0
4696	0	0
4697	0	0
4698	0	0
4699	0	0
4700	0	0
4701	0	0
4702	0	0
4703	0	0
4704	0	0
4705	0	0
4706	0	0
4707	0	0
4708	0	0
4709	0	0
4710	0	0
4711	0	0
4712	0	0
4713	0	0
4714	0	0
4715	0	0
4716	0	0
4717	0	0
4718	0	0
4719	0	0
4720	0	0
4721	0	0
4722	0	0
4723	0	0
4724	0	0
4725	0	0
4726	0	0
4727	0	0
4728	0	0
4729	0	0
4730	0	0
4731	0	0
4732	0	0
4733	0	0
4734	0	0
4735	0	0
4736	0	0
4737	0	0
4738	0	0
4739	0	0
4740	0	0
4741	0	0
4742	0	0
4743	0	0
4744	0	0
4745	0	0
4746	0	0
4747	0	0
4748	0	0
4749	0	0
4750	0	0
4751	0	0
4752	0	0
4753	0	0
4754	0	0
4755	0	0
4756	0	0
4757	0	0
4758	0	0
4759	0	0
4760	0	0
4761	0	0
4762	0	0
4763	0	0
4764	0	0
4765	0	0
4766	0	0
4767	0	0
4768	0	0
4769	0	0
4770	0	0
4771	0	0
4772	0	0
4773	0	0
4774	0	0
4775	0	0
4776	0	0
4777	0	0
4778	0	0
4779	0	0
4780	0	0
4781	0	0
4782	0	0
4783	0	0
4784	0	0
4785	0	0
4786	0	0
4787	0	0
4788	0	0
4789	0	0
4790	0	0
4791	0	0
4792	0	0
4793	0	0
4794	0	0
4795	0	0
4796	0	0
4797	0	0
4798	0	0
4799	0	0
4800	0	0
4801	0	0
4802	0	0
4803	0	0
4804	0	0
4805	0	0
4806	0	0
4807	0	0
4808	0	0
4809	0	0
4810	0	0
4811	0	0
4812	0	0
4813	0	0
4814	0	0
4815	0	0
4816	0	0
4817	0	0
4818	0	0
4819	0	0
4820	0	0
4821	0	0
4822	0	0
4823	0	0
4824	0	0
4825	0	0
4826	0	0
4827	0	0
4828	0	0
4829	0	0
4830	0	0
4831	0	0
4832	0	0
4833	0	0
4834	0	0
4835	0	0
4836	0	0
4837	0	0
4838	0	0
4839	0	0
4840	0	0
4841	0	0
4842	0	0
4843	0	0
4844	0	0
4845	0	0
4846	0	0
4847	0	0
4848	0	0
4849	0	0
4850	0	0
4851	0	0
4852	0	0
4853	0	0
4854	0	0
4855	0	0
4856	0	0
4857	0	0
4858	0	0
4859	0	0
4860	0	0
4861	0	0
4862	0	0
4863	0	0
4864	0	0
4865	0	0
4866	0	0
4867	0	0
4868	0	0
4869	0	0
4870	0	0
4871	0	0
4872	0	0
4873	0	0
4874	0	0
4875	0	0
4876	0	0
4877	0	0
4878	0	0
4879	0	0
4880	0	0
4881	0	0
4882	0	0
4883	0	0
4884	0	0
4885	0	0
4886	0	0
4887	0	0
4888	0	0
4889	0	0
4890	0	0
4891	0	0
4892	0	0
4893	0	0
4894	0	0
4895	0	0
4896	0	0
4897	0	0
4898	0	0
4899	0	0
4900	0	0
4901	0	0
4902	0	0
4903	0	0
4904	0	0
4905	0	0
4906	0	0
4907	0	0
4908	0	0
4909	0	0
4910	0	0
4911	0	0
4912	0	0
4913	0	0
4914	0	0
4915	0	0
4916	0	0
4917	0	0
4918	0	0
4919	0	0
4920	0	0
4921	0	0
4922	0	0
4923	0	0
4924	0	0
4925	0	0
4926	0	0
4927	0	0
4928	0	0
4929	0	0
4930	0	0
4931	0	0
4932	0	0
4933	0	0
4934	0	0
4935	0	0
4936	0	0
4937	0	0
4938	0	0
4939	0	0
4940	0	0
4941	0	0
4942	0	0
4943	0	0
4944	0	0
4945	0	0
4946	0	0
4947	0	0
4948	0	0
4949	0	0
4950	0	0
4951	0	0
4952	0	0
4953	0	0
4954	0	0
4955	0	0
4956	0	0
4957	0	0
4958	0	0
4959	0	0
4960	0	0
4961	0	0
4962	0	0
4963	0	0
4964	0	0
4965	0	0
4966	0	0
4967	0	0
4968	0	0
4969	0	0
4970	0	0
4971	0	0
4972	0	0
4973	0	0
4974	0	0
4975	0	0
4976	0	0
4977	0	0
4978	0	0
4979	0	0
4980	0	0
4981	0	0
4982	0	0
4983	0	0
4984	0	0
4985	0	0
4986	0	0
4987	0	0
4988	0	0
4989	0	0
4990	0	0
4991	0	0
4992	0	0
4993	0	0
4994	0	0
4995	0	0
4996	0	0
4997	0	0
4998	0	0
4999	0	0
5000	0	0
5001	0	0
5002	0	0
5003	0	0
5004	0	0
5005	0	0
5006	0	0
5007	0	0
5008	0	0
5009	0	0
5010	0	0
5011	0	0
5012	0	0
5013	0	0
5014	0	0
5015	0	0
5016	0	0
5017	0	0
5018	0	0
5019	0	0
5020	0	0
5021	0	0
5022	0	0
5023	0	0
5024	0	0
5025	0	0
5026	0	0
5027	0	0
5028	0	0
5029	0	0
5030	0	0
5031	0	0
5032	0	0
5033	0	0
