4	0.00508411968745	0.951118900242
5	0.00974545172431	0.91066750261
6	0.00985958955253	0.903868785529
7	0.0189416643445	0.859386066396
8	0.0251904575724	0.793548695338
9	0.0299457511365	0.756863373401
10	0.0338226035194	0.714083119898
11	0.0341882323647	0.699831311628
12	0.0343371933438	0.669946621002
13	0.0406027034244	0.660186299733
14	0.0446970839302	0.653584768576
15	0.0465474063819	0.641365386248
16	0.0448007734342	0.630729013939
17	0.0495213907022	0.605719015194
18	0.0497855576441	0.602239947554
19	0.0599319582591	0.579430024854
20	0.059781356435	0.570358903322
21	0.060641027339	0.56933049682
22	0.0710887433076	0.533597922413
23	0.0600204245065	0.541751881728
24	0.0592165497656	1.53379266526
25	0.065503752036	0.510544835382
26	0.065042079536	0.505392384564
27	0.075545899646	0.489257097203
28	0.0941802292657	1.40936656798
29	0.0825415695755	1.39815053843
30	0.0959470960872	1.35437758956
31	0.0956509097877	1.35333267948
32	0.0952342918044	1.33295024619
33	0.0929553142769	1.32069785645
34	0.0936047159721	2.31629222713
35	0.0904262506478	1.31552791574
36	0.0996217585576	1.30591932068
37	0.0942208178677	1.30462528436
38	0.107956887387	1.27157055734
39	0.13650041699	1.20398362766
40	0.120759681142	1.19434339374
41	0.143788572238	1.14851819575
42	0.126396792317	1.14166484251
43	0.144579763294	1.11479629065
44	0.138658793387	1.09031563009
45	0.141470306102	1.07783728139
46	0.131023084815	1.07072011809
47	0.149713298403	1.00009084481
48	0.130830314365	2.0125071372
49	0.167999554875	0.954030395808
50	0.177233893874	0.9426824861
51	0.142854004233	0.974007576063
52	0.178312539379	0.917878103663
53	0.187651889133	0.851989434253
54	0.180561810022	0.857119933141
55	0.178223768417	0.855439392627
56	0.189877026293	0.827565020372
57	0.0752112676759	1.90056249621
58	0.0733729336432	0.834166228428
59	0.0901529461907	0.802287961952
60	0.0847302232731	0.791589079852
61	0.095192063563	1.73463583721
62	0.108952611781	0.719460271875
63	0.117608068002	1.66104452738
64	0.146198662153	1.59279258811
65	0.130741624275	1.59930774226
66	0.126476173682	1.59470918531
67	0.126227262719	1.59492836697
68	0.143656739269	1.55786029759
69	0.140636040342	1.55777701181
70	0.126035456923	1.56327275484
71	0.136296842809	1.51196242371
72	0.148656650598	1.49685899099
73	0.150466375732	1.47784016551
74	0.170571672293	2.45008557867
75	0.14485050853	1.47105736082
76	0.163448934002	1.44964636318
77	0.167189291227	1.42154176561
78	0.184372080514	1.39467321082
79	0.173094040725	1.37989477517
80	0.187841268322	1.36283693275
81	0.191701126068	1.34986775807
82	0.188616750917	1.34440355825
83	0.195218353682	1.31496609764
84	0.192187052228	1.26962471032
85	0.191225375589	1.24852941166
86	0.190491002703	1.2324193187
87	0.191103589321	2.22778447817
88	0.163972913065	1.23198777556
89	0.191037316991	2.17583729589
90	0.200452575788	2.15397282449
91	0.214111654623	2.127177802
92	0.241664136673	1.07109402697
93	0.22415872173	2.08049604507
94	0.213223198245	2.05393228419
95	0.231629012088	2.02431486924
96	0.241629448558	1.97865311998
97	0.22251884059	1.98723179176
98	0.248022090579	1.91392210988
99	0.246529198607	1.91381990405
100	0.230493457875	1.92354894463
101	0.240540519853	1.9083778363
102	0.240710204368	1.90210239094
103	0.246547825758	1.86657744516
104	0.238072653138	1.85304347306
105	0.26441179451	1.79548663835
106	0.245785217467	1.78943131897
107	0.26185198982	1.75024958097
108	0.120120448367	1.86985516808
109	0.0904258757773	1.89159274603
110	0.0991918632419	1.8826504576
111	0.0892903345011	1.81698117943
112	0.154765501837	1.70843038435
113	0.175516507943	1.660429682
114	0.175360073853	1.66005722294
115	0.160783819425	1.67175773502
116	0.134826022251	1.68337830168
117	0.14721351112	1.6588311486
118	0.168960255392	1.63344502725
119	0.163625044606	1.63724845093
120	0.123651647214	1.66079595542
121	0.171329254945	1.59905055684
122	0.134130220653	1.59860862667
123	0.161886439762	2.56726098766
124	0.184370357615	1.53396600357
125	0.152734421826	2.50406131762
126	0.255139508277	1.36674513313
127	0.249242788916	1.35232987475
128	0.215617190086	1.37515943028
129	0.228292979171	1.36003886893
130	0.239651056559	2.31836493336
131	0.2203142862	2.33219880699
132	0.245208014101	1.20614960906
133	0.246995843825	1.17315487963
134	0.19791530885	2.18259518386
135	0.236711210653	2.13276027373
136	0.289314916387	2.05863594789
137	0.32070213879	2.01646519676
138	0.273384956778	1.98366766835
139	0.311307171692	1.9262096921
140	0.284648485959	1.92037540758
141	0.30732326445	1.85739391912
142	0.278526390266	1.88197828854
143	0.306179652111	1.84247681687
144	0.328818656955	1.79959743141
145	0.330021072663	1.79747783171
146	0.329728369006	1.79633307636
147	0.334431686194	1.77702374739
148	0.32974353231	1.75982174902
149	0.314099570732	1.76025008328
150	0.318820936748	2.72567243714
151	0.354518575679	1.64494765274
152	0.202731936487	1.77583556364
153	0.206101348	1.75522069811
154	0.223028770031	1.73154023275
155	0.193114491358	1.70664424701
156	0.197969093725	1.69012449182
157	0.204206354434	1.67407628249
158	0.236920217999	1.62884535084
159	0.222142485654	1.63895901247
160	0.213253520589	1.63487412529
161	0.23128545203	2.60009155431
162	0.213797789689	1.59461074598
163	0.23549768843	1.54536789766
164	0.250341383187	1.52927147296
165	0.251933140214	1.48739161183
166	0.244431386031	1.4878058535
167	0.258004188183	1.36838938628
168	0.27550751957	2.34301329533
169	0.269312020308	1.33701304522
170	0.285417496652	1.25508849479
171	0.278440613735	2.10022369011
172	0.293018034925	2.07120452059
173	0.294244449468	2.06456799615
174	0.289549237536	2.02836858888
175	0.296872876204	2.01956027568
176	0.330611114507	1.97152933517
177	0.315659335308	1.9834605806
178	0.304623696858	1.96566374196
179	0.308893286333	1.8582542916
180	0.295324763069	1.87138695997
181	0.298396100757	1.83740764016
182	0.325757297904	1.78973856283
183	0.313128163533	1.7800247695
184	0.316977734857	1.76350045773
185	0.34405196953	1.68407884391
186	0.338853031719	1.68155982524
187	0.346153397832	1.67014146893
188	0.293776121785	1.70660415408
189	0.144586059541	1.80423440359
190	0.167808712392	1.65562076583
191	0.166461195997	1.65605410376
192	0.18106957321	1.64029560024
193	0.178412918355	1.61651522803
194	0.186240897526	1.60015706299
195	0.197119080407	1.58800176591
196	0.20464803597	1.56198757678
197	0.185655542532	1.56034274236
198	0.17983421182	1.55089216311
199	0.198207832141	1.51929163084
200	0.178387057552	2.53163437135
201	0.150264912634	1.54847613372
202	0.184510734656	1.50635139351
203	0.200768081253	2.46856069732
204	0.182800108846	2.46895617571
205	0.210221879807	1.43489389417
206	0.228836983801	2.41487136557
207	0.157213165828	1.4819418456
208	0.236981794025	2.39265717528
209	0.173612724503	2.43407483488
210	0.231043724977	2.35788956285
211	0.231189759697	2.33248643939
212	0.258741863457	2.29815015612
213	0.274148897312	1.26107535085
214	0.241222217799	2.29012134232
215	0.245189160315	2.28162373289
216	0.217627180546	2.29606198021
217	0.254537068128	2.23155812129
218	0.267146087457	1.2028128171
219	0.274291163168	2.16824376967
220	0.285531835643	2.04715000732
221	0.292103444662	2.02342181929
222	0.274148451588	2.04118262758
223	0.295843131687	2.01642637954
224	0.334376412532	1.9219320946
225	0.259263352361	0.992060123581
226	0.299751059761	1.94774955233
227	0.305966558591	1.93335815763
228	0.305649143597	1.9324275588
229	0.265224067363	1.9700302714
230	0.312621365994	1.7913407037
231	0.320012678825	1.77488269008
232	0.324844315308	1.75109989364
233	0.344440679451	1.69972011883
234	0.305358524399	1.72843352933
235	0.314548762809	1.71814517917
236	0.347742229927	2.6650860573
237	0.340426449764	1.65974157366
238	0.162177309429	1.78988576917
239	0.169335577055	1.74764220257
240	0.155320202737	1.75935660101
241	0.199092393796	1.69840980439
242	0.17180857403	1.7122645088
243	0.176581870018	1.70202727069
244	0.179232409324	1.69263337973
245	0.191868183431	1.67212100447
246	0.152135165734	2.6305457692
247	0.164887586946	2.59516968798
248	0.23598701394	2.48122384163
249	0.229771618086	2.4815321524
250	0.214917028161	2.48634825003
251	0.235614603472	2.4631838853
252	0.250751367679	1.4346145795
253	0.256451363907	1.42671496795
254	0.212629563026	2.46589160772
255	0.241400034013	2.42959785555
256	0.203122229849	2.46094055611
257	0.24588171668	2.38629007924
258	0.256920641923	1.35191210396
259	0.231191642134	2.37212358742
260	0.219270470398	1.38394024464
261	0.251201778838	2.33228408301
262	0.23544330811	2.32533586233
263	0.259228266364	2.29026387056
264	0.276162577044	2.26921092162
265	0.243017730542	2.29463249087
266	0.271950697065	2.25779826026
267	0.228426272596	2.24625591903
268	0.309951110804	2.1302808775
269	0.314899128908	2.08164939566
270	0.335848567668	2.05530835758
271	0.324557355087	2.06277628178
272	0.322636443905	2.03508331978
273	0.337220486104	1.98070916
274	0.349748679632	2.96563400246
275	0.346881557597	1.9478092928
276	0.346626170928	1.93456404484
277	0.350819183204	1.92820117886
278	0.330389758833	1.94807284824
279	0.344063492936	1.92724018764
280	0.370775297266	1.78618610673
281	0.323443814267	1.83247781575
282	0.337589955699	1.78200537066
283	0.350641897456	2.71362677488
284	0.377520008048	2.6832431807
285	0.348416945716	2.70837557014
286	0.370046598077	2.67562108605
287	0.40599580256	2.61980408297
288	0.397431941146	2.62638003565
289	0.365199726444	2.65670540298
290	0.388316594057	2.62590558373
291	0.387678483602	2.6136388489
292	0.13845278176	1.84642269849
293	0.19026398835	1.78339471331
294	0.188923742107	1.76742303706
295	0.207704608495	1.74596441485
296	0.235129595719	2.67125036947
297	0.231494419449	2.66536649797
298	0.257335691872	2.63721857242
299	0.192675181795	2.69332804124
300	0.223547962359	2.65010960077
301	0.207888383543	1.6216998855
302	0.219851075075	2.60035468639
303	0.24571646669	2.56835377292
304	0.216777666249	2.59068616623
305	0.252870575111	2.54794667135
306	0.242306932804	2.53367463399
307	0.269253621242	2.50495290754
308	0.236660010354	2.51063796381
309	0.268082299702	2.46116223904
310	0.269782303574	2.44256680225
311	0.277332414278	2.42570964173
312	0.259731206012	2.4400130543
313	0.291234661403	2.40424950228
314	0.254143953263	2.41677169886
315	0.244809804508	2.3968135552
316	0.291826605636	2.34782640265
317	0.292460364245	3.34382227233
318	0.348767154405	3.25629162058
319	0.276174437161	2.32570160067
320	0.270467470334	3.28964131791
321	0.299068595966	2.24608514236
322	0.293603617309	3.2372747719
323	0.300500908197	3.2285260861
324	0.316337815851	3.19710291334
325	0.345793915041	3.16543398795
326	0.298015597238	2.21114378745
327	0.276833353509	2.22056120888
328	0.343521127404	2.12112433852
329	0.333274775937	3.10449997816
330	0.346545295045	2.0819628282
331	0.305496286543	3.1228366353
332	0.324365150763	3.10099908266
333	0.345984625887	2.07326721023
334	0.324028741356	3.08076557064
335	0.335529395442	2.04620474197
336	0.352248304807	2.01737193864
337	0.315427618119	2.05188476582
338	0.367603670593	2.99342093969
339	0.361028780126	2.99890245461
340	0.312195848167	2.99294547318
341	0.362399829159	1.92450387204
342	0.348608738211	2.93260575787
343	0.296059104542	2.98158036514
344	0.337693578501	2.93167208568
345	0.336312956891	3.92748816473
346	0.39596758283	1.81427460588
347	0.379115891828	2.82019254791
348	0.384998029596	2.77916912086
349	0.360634720837	2.79688042939
350	0.349194540308	2.77868993625
351	0.406585499242	2.66345450254
352	0.348358560681	2.71256067292
353	0.387963285823	2.66300141492
354	0.407873447598	2.59165465045
355	0.444878827365	3.54778562888
356	0.171333538633	3.80369011156
357	0.213643203747	2.75852425513
358	0.233019139607	2.7337027251
359	0.237822321916	2.72556606417
360	0.217994287652	2.73769467972
361	0.239553433986	2.69525436528
362	0.246129794058	3.66544457765
363	0.213932138847	2.69280842772
364	0.182097371518	2.69070583007
365	0.254046767565	2.60219031739
366	0.224072221333	2.61553580401
367	0.21532979222	2.59838153776
368	0.235152362497	3.56548881941
369	0.237633987254	2.5588368821
370	0.265336888221	3.52113917799
371	0.25928387646	2.49537257662
372	0.24381838709	2.49294439901
373	0.295243444072	2.41898262814
374	0.255130411792	2.45091473439
375	0.231631793217	3.47364002603
376	0.263089274409	2.42394232307
377	0.274998602085	2.3951391975
378	0.300954312061	2.34059859476
379	0.262664251995	3.37508662117
380	0.334025365925	3.29067196245
381	0.321305240656	2.30276048878
382	0.280451940718	2.34279418759
383	0.335600841171	2.25417261337
384	0.337981059169	3.24827569232
385	0.278700564032	3.27111338215
386	0.323997302471	3.18194868149
387	0.377666485503	2.11313869207
388	0.358127896009	2.11688701996
389	0.334277533598	3.13314452364
390	0.374900939679	3.05219309144
391	0.362316321992	3.05411722783
392	0.356545577377	4.03749556322
393	0.338125273511	2.97809147206
394	0.350517061284	2.95963241402
395	0.398968459155	3.90048887954
396	0.417967451842	3.86883268135
397	0.377020674625	2.89929793544
398	0.421635991847	2.8166591369
399	0.470469889653	2.7562114014
400	0.398043956839	3.82249347694
401	0.440481311105	2.76990708265
402	0.337917371372	2.87219055989
403	0.441888129605	3.74308329698
404	0.406611044088	2.77586849695
405	0.369553751885	3.81159920185
406	0.474844157809	2.70448182096
407	0.436902309235	2.73946312941
408	0.458564780573	2.71246008534
409	0.450926352933	3.70249830337
410	0.43900062861	3.65131466936
411	0.428197881132	2.65626712433
412	0.379759328278	2.70262096827
413	0.461744739868	3.60152641947
414	0.417325442896	2.63727118642
415	0.44432110771	4.60480490511
416	0.450342791652	2.54925115884
417	0.275062684488	2.70424728252
418	0.286996677337	3.69192553414
419	0.32506075012	2.64244607365
420	0.259218315692	2.70365773498
421	0.287348675665	3.67416351834
422	0.276210878029	2.6830854881
423	0.314511526638	3.6317183652
424	0.301418711319	3.62228338571
425	0.299678870058	3.62322672947
426	0.234877304749	2.67060850442
427	0.269379544887	2.62008855776
428	0.227890408375	3.59276063932
429	0.322385871251	3.47727946198
430	0.270016230768	3.51242128528
431	0.300827959404	3.46651775054
432	0.359778430499	3.40750334599
433	0.303149339168	2.45595916621
434	0.402300084178	3.35396648456
435	0.295549203395	3.45579834455
436	0.406794842032	2.27123979908
437	0.386286897305	4.23867019672
438	0.409700822003	3.21257603959
439	0.368723476825	3.24999109139
440	0.389792067601	3.21865606207
441	0.425091371277	3.17876638626
442	0.439249566552	4.11312330848
443	0.442869457053	3.09821320578
444	0.398376170055	3.13946606579
445	0.347568951303	3.17083612242
446	0.410321056443	2.07625583747
447	0.396901248448	3.08072558277
448	0.360847470701	3.10593804315
449	0.424653744995	3.03112571879
450	0.436577497695	3.01337028127
451	0.433775299978	2.95309104419
452	0.433061519263	2.79494290371
453	0.472571270265	2.75462260532
454	0.520530345197	2.68144069768
455	0.484262218244	2.70040365332
456	0.429703829413	3.74296023815
457	0.515222575313	2.65552488086
458	0.498891106507	2.67008970602
459	0.490977738894	3.67178746874
460	0.528389873963	3.59933100982
461	0.507166636332	2.60878668003
462	0.433925993676	3.68037391634
463	0.521448033118	3.52466249827
464	0.586475820172	3.45138587207
465	0.588338973111	3.40757723329
466	0.411528866642	2.58089721427
467	0.36993561398	2.59201277936
468	0.3629103208	2.58540193739
469	0.322308824403	2.61357067756
470	0.324064566038	3.58548486047
471	0.274082224556	3.63508759815
472	0.363448038988	3.54459353228
473	0.265769496305	3.6357773965
474	0.319553928484	3.51267481447
475	0.34906326297	3.47458606942
476	0.320775103672	2.47098221244
477	0.342151248949	4.43211608445
478	0.275986459027	3.47549493739
479	0.378068459528	3.30752949792
480	0.389305114779	3.28282575002
481	0.335713849724	2.32199501785
482	0.392984170756	2.26228178354
483	0.405763322677	3.21605244032
484	0.361598558168	3.2487091814
485	0.431951397152	3.17684516538
486	0.45910712288	3.12934405923
487	0.374531612169	3.19320671993
488	0.453696382924	3.07303303364
489	0.492324989174	3.02874612359
490	0.391573204364	3.11634710763
491	0.399596477691	3.09596272818
492	0.424946021642	3.06783634932
493	0.473196303195	3.99989134679
494	0.42132627624	4.0103224865
495	0.457791409316	2.92474329498
496	0.435323044833	4.9455067714
497	0.485278697349	3.89253169501
498	0.467118886307	2.88551811439
499	0.39151985145	3.93935348737
500	0.504252731165	3.81977796635
501	0.454285970975	2.81487605133
502	0.434936060804	2.83147326572
503	0.471463552502	3.76924326203
504	0.496164613105	2.74094302977
505	0.432644883174	3.78355347744
506	0.511521541086	2.68062321194
507	0.493060229652	2.6928721112
508	0.53576296751	3.63215974273
509	0.525533766715	3.62283613908
510	0.445237657468	4.68425364813
511	0.427395855907	3.69748616893
512	0.454290632911	2.66876824185
513	0.432754725463	3.67424944677
514	0.588360495138	3.51229540885
515	0.459819719038	3.64049266675
516	0.564779882302	3.5177957872
517	0.514087944994	3.55435679236
518	0.542639404863	2.52406490116
519	0.458497092366	3.56856811504
520	0.613546325298	3.40874238843
521	0.553360183494	3.45641571569
522	0.580294170276	3.41731694082
523	0.5208626156	3.47044477556
524	0.372186340974	3.61055867159
525	0.21667241364	3.7633885717
526	0.253384454234	3.71829226783
527	0.250088048623	3.70972369213
528	0.336047085222	3.51270479228
529	0.28497288175	3.56144715306
530	0.353622523983	3.49172081653
531	0.262916743045	3.56148830152
532	0.374106776724	3.42189908228
533	0.380937559805	3.41428130963
534	0.337320844537	6.43681035307
535	0.325499160891	3.44184866201
536	0.396773332774	3.35288924084
537	0.332710490466	3.40683354448
538	0.343047016112	3.35749172142
539	0.408959911414	3.28816289743
540	0.363101421843	3.31973289298
541	0.337054357315	3.34030807033
542	0.383414463802	3.27704703052
543	0.385110946444	3.26160260601
544	0.346973867818	4.29634445466
545	0.396535409296	3.22912217518
546	0.380240837503	3.2346632005
547	0.333091836032	3.27453847892
548	0.32225385364	6.28444016719
549	0.417649019863	6.17292614456
550	0.346797473204	3.24344267424
551	0.377792265682	2.17653720814
552	0.317477589124	3.23440926977
553	0.360002607488	3.19175833823
554	0.438543111928	3.08985366623
555	0.411155051778	3.09398464411
556	0.430255278619	3.07357987114
557	0.428025035495	2.99525039959
558	0.419695708199	2.98853372257
559	0.453900952892	2.95223277822
560	0.429372909108	5.94808818075
561	0.514667362544	3.81262127922
562	0.427994217041	2.89381663706
563	0.420258911038	2.89996819478
564	0.45322108215	2.83871442456
565	0.441873357305	2.84309689975
566	0.423419001235	3.85288414
567	0.461822861225	2.75877403617
568	0.490886910027	3.72945918249
569	0.534636005698	2.6710990811
570	0.525641677099	2.66772357034
571	0.479516792534	3.67830100981
572	0.451874099836	3.60641159039
573	0.502785669667	2.53869664852
574	0.299594122556	2.62811594328
575	0.250876690689	3.66661197935
576	0.29339315246	2.6239768142
577	0.362656635493	2.48968857494
578	0.325984832143	2.52110199252
579	0.362534628845	2.4810479628
580	0.306731605347	2.53493456102
581	0.353718199201	3.46671128633
582	0.362102028728	3.45527536687
583	0.379314982692	2.39821332489
584	0.378421006248	2.34738880194
585	0.417243412992	3.30801297048
586	0.39240880385	5.32825889634
587	0.39890364487	3.24779945665
588	0.441369268728	4.18376322702
589	0.440986608483	3.12022048863
590	0.422422997706	3.12355884669
591	0.426850791545	3.10474082834
592	0.444037601048	3.07334406981
593	0.521323552415	2.92212253695
594	0.466807722568	3.97431287853
595	0.453621933648	2.98681294099
596	0.434236735256	3.00378792903
597	0.412930572579	3.98116869874
598	0.496739579674	3.89309236765
599	0.479714785627	2.8994072569
600	0.476716204657	2.90100130154
601	0.519740268767	2.8331696081
602	0.434072791531	2.91753085935
603	0.465648717721	2.85747134248
604	0.446624433133	2.8737927756
605	0.530034090637	2.78398592367
606	0.498131549596	3.81045420505
607	0.483401030842	2.82409990446
608	0.502140267798	2.7902043795
609	0.458543331352	3.80776422754
610	0.505398221844	2.75166842464
611	0.481719926148	2.75107281057
612	0.504262468868	3.70622219521
613	0.475482161699	2.73158287968
614	0.508637496309	2.69537729121
615	0.486956505035	3.64113339307
616	0.459760284133	2.66602329239
617	0.571456491345	3.53946494446
618	0.594984302738	3.5034380638
619	0.553162770795	2.47202335383
620	0.570284725577	3.43818409843
621	0.271215487415	2.685157292
622	0.326920719145	2.5999028257
623	0.319936824784	3.59650011598
624	0.37577859772	3.53954702793
625	0.426867851565	3.48243505177
626	0.262694662973	2.64520415743
627	0.393567746514	3.48500741151
628	0.43737615304	3.43494540435
629	0.375162794201	3.49418008931
630	0.463433096635	3.37147215702
631	0.341413074358	3.44559577063
632	0.367585631105	3.41660884815
633	0.426578771343	3.3473157458
634	0.448874279484	3.32175068163
635	0.388130716431	3.32998705211
636	0.427993295763	3.27372610137
637	0.386237774288	3.28390576814
638	0.429674013976	4.21274457813
639	0.485446143717	3.15605784305
640	0.395537447277	3.24402330686
641	0.423724288494	3.16021990311
642	0.440611105117	3.11176891545
643	0.467710570788	3.06522520396
644	0.433736913307	3.09890473121
645	0.38946095543	3.12125339809
646	0.482009726222	2.99686384284
647	0.471873373085	3.00163390624
648	0.528438468222	2.93556492331
649	0.509831456847	3.93343102071
650	0.494938683226	2.93438348407
651	0.528976106938	3.8992566375
652	0.506886420718	2.89226967611
653	0.490025766316	3.83897881385
654	0.448106072667	2.83986937911
655	0.516677935145	2.77104069679
656	0.584451894778	2.69792031249
657	0.511630137125	2.76914789625
658	0.483675269736	2.76691676028
659	0.615300582588	3.6009570715
660	0.549599236696	4.61960052354
661	0.613630732778	3.55250460615
662	0.622766232104	3.52653696938
663	0.563449614803	3.53461906953
664	0.614583654132	3.46474000189
665	0.549845680954	3.47766204878
666	0.662485459889	3.34176256487
667	0.568383016226	3.43155085379
668	0.571643922085	3.4265841157
669	0.399801075025	2.55233628664
670	0.488881983834	3.43352951635
671	0.510009119794	3.36754726519
672	0.507313149398	3.36268833835
673	0.479744864366	3.3264028805
674	0.467605705744	3.3164135436
675	0.469423065785	3.30963791202
676	0.4776184493	3.2936910869
677	0.470819313824	3.28180513967
678	0.516682555124	4.21123661473
679	0.491366497226	3.23528419873
680	0.419247660278	3.30563804926
681	0.485792995358	3.22983097973
682	0.495193820848	3.20118189377
683	0.472682331202	3.19215631867
684	0.459703286736	3.18513043554
685	0.422816577248	3.18972413513
686	0.498154546001	3.10850994445
687	0.478957280998	4.07472166916
688	0.5191251998	3.98013787556
689	0.533442985138	2.95624855016
690	0.504866132632	2.95945622617
691	0.546677217451	3.89648010466
692	0.537323734391	3.90195650789
693	0.532052317236	2.9038250896
694	0.508656006205	2.92443699395
695	0.561556745874	3.83149841455
696	0.451630604877	2.93944987114
697	0.552933878726	3.82808245186
698	0.596167205279	2.78198442553
699	0.459656659121	2.8829175783
700	0.550931350415	2.74116503746
701	0.606099445476	2.67547970377
702	0.582060578103	2.69110904541
703	0.590427225758	2.65373671974
704	0.58500633979	3.64033627558
705	0.666331368678	3.51020103889
706	0.632514400117	2.54113029028
707	0.701046442334	3.45129740735
708	0.64044482138	3.4853663946
709	0.651415896979	3.42476877941
710	0.64495552338	3.43087312956
711	0.557747110931	3.50584669774
712	0.594299874082	3.46780263346
713	0.594005512011	4.43191784805
714	0.596227414471	4.42851124206
715	0.265556851096	3.69923214681
716	0.284685188999	2.66228398702
717	0.257186854767	3.66115447473
718	0.346978302747	3.51548370369
719	0.348053217384	3.50962359569
720	0.219845098978	3.6326487926
721	0.293988558022	3.53400301275
722	0.312059489234	3.50596620718
723	0.324054234749	3.45910712043
724	0.401563969068	3.37301926239
725	0.292018349706	4.4640567909
726	0.271296902353	3.47367591056
727	0.371046442103	3.36025443375
728	0.349670681006	3.36315079582
729	0.295104430126	3.41298601254
730	0.355567966934	3.34451189229
731	0.358879549194	4.30704853331
732	0.427513655827	3.23618864923
733	0.369729629074	3.25946329826
734	0.368904245344	4.25581884707
735	0.371002324636	3.20017069152
736	0.439818278933	3.10111001457
737	0.413723153207	5.10745707491
738	0.372320231885	3.133341309
739	0.44737624857	3.05091073827
740	0.323396914388	4.172829609
741	0.469554776194	3.00843190351
742	0.442766787325	3.02707774482
743	0.451349468262	3.98773078934
744	0.433307621403	2.96910647799
745	0.360318921907	3.03335978305
746	0.378845249307	3.00731409274
747	0.463431346103	4.91791226361
748	0.440495806286	2.92983271297
749	0.392585814629	2.96375821167
750	0.498807716768	2.8457427117
751	0.456480762712	2.8494361198
752	0.469968583765	3.80147991585
753	0.401037520563	3.84399993143
754	0.531501134717	3.70784935071
755	0.462777361699	3.76703743217
756	0.509701068162	3.71831602709
757	0.45981177007	3.74395634312
758	0.462169811357	3.73959488335
759	0.41268547409	3.78827023966
760	0.528268891498	3.67082899027
761	0.44531503697	4.73928000327
762	0.453929568505	3.72799177667
763	0.422547326641	3.71662765665
764	0.569362294708	3.5370964807
765	0.464654103552	3.62891757942
766	0.490872322067	3.59572923789
767	0.52698126748	3.55950714409
768	0.505999522602	3.56665553551
769	0.477564804742	3.56214929419
770	0.592385572444	3.44605861638
771	0.443383922207	3.58808261935
772	0.542937707802	3.45620803138
773	0.336687581323	3.64053020177
774	0.357453501902	3.6044569016
775	0.331135004905	4.59806642653
776	0.383985394371	3.54059245224
777	0.373572202919	3.52163193416
778	0.3357317692	3.55502877315
779	0.364004763403	3.51519506676
780	0.428779018648	4.41592251765
781	0.406982502467	3.43382763691
782	0.387160570329	3.42089113862
783	0.373955342964	3.42655205423
784	0.427829662633	3.369128067
785	0.399597130916	4.39375926965
786	0.417419658495	4.35701905128
787	0.356870038828	3.41333879968
788	0.397111471158	3.36896581255
789	0.36284688023	3.38122859757
790	0.433959272784	3.30856150204
791	0.425805773148	3.28595609009
792	0.374630646817	4.2866932333
793	0.463418709365	4.10315680124
794	0.488719850934	3.07151074021
795	0.457434109971	3.08259551667
796	0.456777551407	4.08013404353
797	0.500692199557	3.98925488078
798	0.456491505157	3.02619559824
799	0.498340923594	2.96068729671
800	0.436061036785	3.02141627781
801	0.392214298667	3.06307520955
802	0.482857848652	3.95556835346
803	0.472228870917	3.96467105034
804	0.515514646276	3.91530163069
805	0.585304243303	3.82879881589
806	0.498223411961	3.85330404285
807	0.547383585292	4.76771663349
808	0.54208581974	3.68455256642
809	0.536141795868	2.68652448342
810	0.584370017776	4.59124549896
811	0.556344832544	3.59580056956
812	0.595250681986	3.54505322528
813	0.497103818454	3.63474377723
814	0.550338740277	3.55538627209
815	0.447166406617	3.64811614999
816	0.490241659129	3.58968816709
817	0.572210329387	4.50609293156
818	0.563971912484	3.5120812178
819	0.585454633856	3.48991431759
820	0.478704156439	4.59398597968
821	0.483161860609	3.56503264832
822	0.619591760669	3.41008253836
823	0.292595457907	3.65742393982
824	0.420685275335	3.49283805709
825	0.336202526308	4.55347937571
826	0.306534333307	3.56321944444
827	0.434570847592	3.39758284063
828	0.264099498219	3.55500088925
829	0.358393618907	3.46033944893
830	0.364058397239	3.44955711204
831	0.420676476249	3.32484332612
832	0.428806103982	3.31650290684
833	0.365030021629	3.36661805813
834	0.433535864364	4.27581700489
835	0.388764383177	3.3187105694
836	0.459590836731	3.24326983082
837	0.442232399992	3.2412770322
838	0.366590517562	4.30570743075
839	0.440687814185	4.21007723127
840	0.441107089046	4.20580179983
841	0.383997395652	3.25003468842
842	0.433775839606	3.18446305947
843	0.503217676686	3.09628662196
844	0.448876117116	3.13658650694
845	0.459471227824	3.12228504832
846	0.498427858228	4.07166592572
847	0.504845377167	3.03331298592
848	0.501248350872	3.98246069003
849	0.531486594518	2.9081907456
850	0.486302930668	3.92810068281
851	0.527529429043	2.88209264756
852	0.535107591241	2.84057476805
853	0.527671984638	3.8198122578
854	0.538486397591	2.8072924146
855	0.552713565146	2.74048044786
856	0.470906566656	3.78325885136
857	0.515276126873	3.72259006972
858	0.56060099579	4.67441154219
859	0.512551989388	3.70494937699
860	0.563342582288	3.63635294555
861	0.598256246687	3.58629908509
862	0.540500123225	4.57708459594
863	0.612550553732	3.49801795187
864	0.511590423892	3.57834864402
865	0.636680184036	3.43427989338
866	0.602864800363	3.42505546238
867	0.556881605377	3.45641327779
868	0.24983386615	2.7332302056
869	0.35464092255	4.61682983276
870	0.412304545309	3.54705302094
871	0.397283951988	3.50851891865
872	0.348948424395	3.52349139478
873	0.4327474652	3.4368750461
874	0.359121399529	3.50646229127
875	0.446258289566	3.39953657685
876	0.397371489168	2.4239017449
877	0.361587607617	4.43953308125
878	0.461800122801	3.32042846656
879	0.351509961984	4.40184951818
880	0.447743873585	4.3001379799
881	0.375900775519	3.37072186784
882	0.388833295539	4.344222897
883	0.434139131632	3.27602358385
884	0.453107794077	3.19767022673
885	0.409034677687	4.23362163444
886	0.431254370016	4.20257068739
887	0.366084008743	4.24576630279
888	0.464316616243	3.12294766911
889	0.482214948514	3.06089030681
890	0.458333962676	4.0790923193
891	0.547463733286	3.88694819372
892	0.557831004169	3.87066784171
893	0.537434776707	2.86677059533
894	0.581278423211	2.82255926476
895	0.589054138408	3.79251874124
896	0.589115699856	3.78659557563
897	0.538819902964	3.83584686708
898	0.476547099491	3.88986694755
899	0.572211925952	3.753528721
900	0.45170175963	2.86855706422
901	0.486811952127	3.80517843344
902	0.459045027019	3.83153900194
903	0.657646272183	3.61430174112
904	0.602724628506	3.66315198332
905	0.603390055639	3.65335443185
906	0.5461142955	3.69404245554
907	0.677315522631	3.48147629657
908	0.559852384928	2.59203179481
909	0.662168421063	4.4882214406
910	0.545263978875	4.59507737489
911	0.557666380103	5.5663105859
912	0.635022136412	3.45238540077
913	0.519527725226	3.55219204451
914	0.549736509808	3.50098035424
915	0.614683221303	3.40969954986
916	0.592760129928	3.42410295961
917	0.57831268442	4.4291786207
918	0.645530868048	3.36010114611
919	0.318060095898	4.66659488208
920	0.328629957859	3.64158880075
921	0.344013891336	3.60363131767
922	0.365464743496	3.58197892174
923	0.379979209579	3.55270831899
924	0.444094630916	3.47500979433
925	0.309769325772	3.59626064911
926	0.425258079837	5.47471794164
927	0.365291185988	3.48726177293
928	0.4119748654	4.42370810401
929	0.449208533398	3.38376396355
930	0.480493527755	3.33065226438
931	0.477538869939	3.31480916196
932	0.582551428352	4.18243875757
933	0.454733675528	4.29286480648
934	0.495069048221	3.23148229967
935	0.565127762016	3.12651149881
936	0.533573156531	3.12415239305
937	0.490581925922	4.15525003358
938	0.541294270177	4.04256601115
939	0.472784542966	4.1075776876
940	0.534289267469	3.03942964287
941	0.475333155507	3.09044529488
942	0.529842878117	5.0229568974
943	0.568733027625	2.93813367663
944	0.494787098335	4.0015451874
945	0.503107341357	2.93895277378
946	0.616631159565	3.82145004193
947	0.610077184839	4.80665246482
948	0.503312865487	3.8676757154
949	0.529406740398	3.82788277956
950	0.582377528171	3.7239674249
951	0.615500652907	3.67851944813
952	0.546423777029	2.69350537774
953	0.557306766246	3.66760964885
954	0.596211711574	4.62740546262
955	0.550981632376	2.6633480783
956	0.52714614037	4.67627357157
957	0.606161503519	4.57942475769
958	0.591283711613	3.59147843763
959	0.608035704013	3.55915963157
960	0.607452468076	3.55193889576
961	0.608864197879	3.50525601858
962	0.641684730575	3.44998900169
963	0.665647832791	3.41838583165
964	0.652179495594	3.3703067299
965	0.386803804527	3.56510232277
966	0.40999328004	3.53997342655
967	0.425018601458	3.50821385136
968	0.443225758922	4.4359029874
969	0.399141964727	3.44861473665
970	0.429858874219	3.41069056554
971	0.384705857862	3.4502717287
972	0.446252153344	3.36448727933
973	0.418201346316	3.3541382927
974	0.424727807746	3.34476079034
975	0.409528095594	3.31880226095
976	0.44351685216	3.25309131392
977	0.402666458084	3.27604266327
978	0.392392400336	3.28530182062
979	0.448853794571	3.20781713083
980	0.382110995955	4.26494549968
981	0.504811105499	4.13533005318
982	0.486940743829	4.14193828795
983	0.446471332832	4.17712013636
984	0.496624413635	3.12648373538
985	0.489603115195	4.07982311457
986	0.468289574656	4.09026217079
987	0.474270872103	4.06765819422
988	0.508541768782	4.02027419097
989	0.476035294804	3.0472015483
990	0.55089736705	3.95093872477
991	0.473314294612	3.01586942627
992	0.512037345308	3.87582916814
993	0.513624510403	3.86651964688
994	0.536213662298	3.83987273444
995	0.546551739475	4.82726198724
996	0.571992324087	3.78618778637
997	0.520181823689	2.82626960161
998	0.59622803014	3.74948575545
999	0.513181270552	3.81874159231
1000	0.500191066789	3.77464900794
1001	0.572082687448	4.69232371507
1002	0.580321106145	3.68327516283
1003	0.587199993056	4.66484423761
1004	0.600901364625	4.63879663601
1005	0.512089401737	3.72692469311
1006	0.498123814154	3.72871518967
1007	0.536346605797	3.66864472177
1008	0.579491711142	4.59942646116
1009	0.551254777533	3.62638123478
1010	0.568686047463	4.5983998717
1011	0.59320373818	3.56409789936
1012	0.560681905498	3.58988356539
1013	0.534637752604	3.61559487156
1014	0.583069161632	3.5573713053
1015	0.641699016114	4.48338848287
1016	0.67212126902	4.42480565685
1017	0.57849619315	3.51792768043
1018	0.584689508116	5.51076961277
1019	0.58979291509	4.50305669751
1020	0.499187190945	3.58673191916
1021	0.61675462782	3.46631845597
1022	0.484155968918	4.59731894638
1023	0.564984828595	4.49506624104
1024	0.592561010781	4.46240036441
1025	0.625811256272	5.39178878437
1026	0.640110004079	3.37533957604
1027	0.338500846172	3.56361652367
1028	0.338716712479	4.55985003165
1029	0.336165596277	3.52908038284
1030	0.334288412984	3.52559549707
1031	0.265732176803	3.58606425438
1032	0.420418712008	4.420288215
1033	0.396516433322	4.42798711827
1034	0.401214111967	4.3987372915
1035	0.373147810892	4.40639014734
1036	0.44701628442	3.32711424804
1037	0.419969793993	3.31815443591
1038	0.428915796161	4.29488133976
1039	0.435268328305	3.25943226017
1040	0.422553057129	4.22049899187
1041	0.4215368111	4.20601147598
1042	0.491993897622	3.11428425849
1043	0.326028525765	4.27881218925
1044	0.434722908042	4.14830648386
1045	0.432929019012	4.14808716966
1046	0.473676867948	4.09933634548
1047	0.452539953807	4.09304351436
1048	0.509569373747	5.0197092826
1049	0.44972428467	3.06307260358
1050	0.479929400746	5.02611252616
1051	0.534527295789	3.95909188554
1052	0.504304426405	3.98639081604
1053	0.507110584919	3.95850215158
1054	0.449601889764	3.99120765505
1055	0.46891630711	4.92175685656
1056	0.481728831729	4.90235408636
1057	0.530442227647	3.84952061644
1058	0.519795672293	3.82463123161
1059	0.546427829467	4.79086504513
1060	0.498404696616	4.81346141829
1061	0.482299163507	4.7975611917
1062	0.408603517421	3.85962238635
1063	0.534400576989	3.7310908359
1064	0.567103375728	3.67204998553
1065	0.560047012746	4.62924002362
1066	0.602558656592	3.58557346391
1067	0.535393501959	4.64835089603
1068	0.565683555257	3.57888870635
1069	0.497613501873	3.64626875415
1070	0.509798982776	3.58973393013
1071	0.621259747005	3.45136837095
1072	0.52495197441	3.54336955229
1073	0.613007312897	3.43631688516
1074	0.522506237803	3.50510487737
1075	0.532966365424	3.49398726768
1076	0.323716189996	3.66406632491
1077	0.460135227287	3.47664782373
1078	0.440379991772	4.49520211773
1079	0.424544369126	3.41430036451
1080	0.458718622551	3.37011697219
1081	0.41633419165	3.41083591301
1082	0.529072807481	3.28044018459
1083	0.422176194067	3.37465540121
1084	0.505572021657	3.27996549797
1085	0.399752145585	4.37192273952
1086	0.416497402745	3.3447772896
1087	0.337826566446	4.40745591046
1088	0.470834554803	3.26961727704
1089	0.426593693393	3.31187229601
1090	0.46580110894	4.24335319377
1091	0.428802476797	3.27295353028
1092	0.499358786838	3.19504028606
1093	0.43738468037	4.25539326043
1094	0.468080269448	4.20911347753
1095	0.435270201489	3.23135135789
1096	0.477502276291	5.17442153653
1097	0.43945808466	4.18092669301
1098	0.405755354637	5.20767479448
1099	0.445456741062	4.10436443475
1100	0.469223960333	4.05392611542
1101	0.491752196562	6.01955505896
1102	0.362178065913	5.1120150833
1103	0.529948093322	3.86995594763
1104	0.439837181709	3.93615867359
1105	0.50206412556	2.87292069532
1106	0.526850289102	3.82504068134
1107	0.59194253363	4.7010364568
1108	0.591992838979	4.69456445234
1109	0.546518555715	3.73881610189
1110	0.664421942747	3.59044050695
1111	0.60557248813	3.63011949157
1112	0.636194015056	3.596544982
1113	0.585673774439	4.62644412627
1114	0.548164511116	3.66150051777
1115	0.502313480773	4.70553895512
1116	0.668730598472	3.51325188196
1117	0.621023420491	3.54626288733
1118	0.569278387298	3.59036913785
1119	0.62236712941	3.53455218952
1120	0.665341280737	3.39857906281
1121	0.657938571421	4.38510208186
1122	0.597823221774	3.43938276328
1123	0.702340443976	4.30786292746
1124	0.624510949244	5.37383174844
1125	0.344152494422	3.6371153166
1126	0.349930548727	3.6196540402
1127	0.363661650534	4.59703932668
1128	0.372551759147	3.58215053706
1129	0.34819929079	4.59984836296
1130	0.346164954926	4.53528920207
1131	0.382701108303	3.48611502205
1132	0.454187857867	4.399023845
1133	0.39963764364	3.4516872106
1134	0.360119690459	4.46309506697
1135	0.449924866937	4.37114201692
1136	0.319789542292	4.47100327653
1137	0.428865981027	4.35253724993
1138	0.392951191132	4.38826814279
1139	0.441041574813	4.33211299413
1140	0.436265517557	4.33168203545
1141	0.402680976783	5.32078112401
1142	0.326229950953	4.395026304
1143	0.372449013047	4.33779246411
1144	0.448044233305	4.24702829971
1145	0.460763637501	4.20199865714
1146	0.404228490678	4.22452785462
1147	0.382867790152	4.24027685107
1148	0.457031377505	5.15508494089
1149	0.532582806585	4.03042812006
1150	0.445267625682	4.08401393936
1151	0.490368699985	5.02824220846
1152	0.460695302816	3.04563734352
1153	0.441276333189	4.06430827209
1154	0.421108518515	4.07789476758
1155	0.558146570258	4.92634861962
1156	0.565300717105	4.90610213174
1157	0.50705422655	4.95077106799
1158	0.537132850913	3.90006193053
1159	0.59327646454	4.81669671139
1160	0.502306857023	3.86689223291
1161	0.613424967099	3.71381388089
1162	0.603687534825	4.72003343248
1163	0.635663484574	4.6671021247
1164	0.525842837798	3.76966484896
1165	0.537957674317	3.74796956844
1166	0.630396189801	4.6539487373
1167	0.596591692288	4.68772725371
1168	0.657449781631	3.55728718403
1169	0.537278894719	4.67001410949
1170	0.571108553556	3.63220816968
1171	0.568830869805	4.57360230851
1172	0.538464228114	4.60011188487
1173	0.554295921445	4.57570788163
1174	0.569940240391	4.5595329709
1175	0.643350881032	4.4730379469
1176	0.63346995737	3.46319499656
1177	0.531709523084	4.56195584757
1178	0.616372277689	4.46160171138
1179	0.574083004412	5.48623430255
1180	0.518141438552	4.52557386063
1181	0.580974607366	3.45441527484
1182	0.519264411854	4.51508557421
1183	0.527423312736	4.47436613074
1184	0.406707480495	3.57977593356
1185	0.406230779971	3.56030561534
1186	0.415694635647	3.49460357918
1187	0.538842796665	4.35639136641
1188	0.455959616565	4.40213983653
1189	0.482881279072	4.33030231277
1190	0.38667069317	4.3956218705
1191	0.353896282747	4.40267329256
1192	0.485827867731	4.23917005798
1193	0.483362556593	3.19822715824
1194	0.523812940228	4.14450480158
1195	0.469320242167	4.19600226981
1196	0.488862337566	3.1604938112
1197	0.55237093909	4.08392863122
1198	0.575059369429	5.05151911534
1199	0.436948933682	4.1714559799
1200	0.538305225814	3.06844755887
1201	0.513995344306	4.07376866142
1202	0.480042592951	4.1041374043
1203	0.533994425178	4.02651574358
1204	0.536473361896	4.01154250893
1205	0.620255879321	4.91956841051
1206	0.566708580895	3.963393765
1207	0.490362547045	4.00057366048
1208	0.666969568716	3.80949136718
1209	0.531365715246	4.94465410995
1210	0.639007095782	3.77774295537
1211	0.612200386108	4.80056274507
1212	0.638750963462	3.74608889684
1213	0.671259877066	3.67463466866
1214	0.731110924895	3.59516825231
1215	0.657016065178	4.66663551284
1216	0.604379742517	3.70537609277
1217	0.627258585842	4.6384903451
1218	0.512047689795	4.7478202495
1219	0.641642324169	4.60804178741
1220	0.704795963978	5.5141681802
1221	0.592864017843	4.61566392634
1222	0.633909077766	4.56651784116
1223	0.70431206621	3.42561150246
1224	0.657299203816	4.47167822527
1225	0.652841723514	4.43590175394
1226	0.54909541805	3.51803115542
1227	0.564311209924	5.45732590424
1228	0.67732886453	3.31415139444
1229	0.403547317765	3.58188821766
1230	0.52785880514	4.42874122194
1231	0.412975337352	4.5375680192
1232	0.530243217873	3.41679182053
1233	0.561733355988	4.36613870575
1234	0.514133067918	4.39018583977
1235	0.425157401123	3.4546279093
1236	0.554587106464	4.31923616799
1237	0.491097368888	4.37292247015
1238	0.493292045436	4.36302771092
1239	0.525054374452	6.2830638292
1240	0.573061503777	4.23030665187
1241	0.487105212246	4.31256208091
1242	0.380435354366	3.41736317741
1243	0.434276290844	4.33977541298
1244	0.468381197925	6.27675252019
1245	0.391107139737	6.3284518927
1246	0.529412163719	4.18610536894
1247	0.495548031954	4.21472504605
1248	0.575278759819	4.11842996109
1249	0.508715457018	5.17426865388
1250	0.535329691752	5.14426172183
1251	0.416719029711	3.22146479717
1252	0.570177345185	5.05613785362
1253	0.539607845135	5.07847955569
1254	0.531828326403	5.08503464001
1255	0.579923463171	4.02232439205
1256	0.445961477978	4.14979284475
1257	0.538579402623	4.0342174284
1258	0.637003939839	4.93113990802
1259	0.504369369605	4.06048734793
1260	0.512806522023	4.05198592072
1261	0.568522796392	3.99572434989
1262	0.604268607701	4.95785053985
1263	0.593840712212	3.95219313719
1264	0.495391055058	5.05026871075
1265	0.498524424521	5.01569780472
1266	0.493832151296	3.96136280149
1267	0.540995919577	4.89490595506
1268	0.526679220735	4.89658869514
1269	0.578805566523	4.8349406095
1270	0.637288664592	3.75182794894
1271	0.573001851538	4.79757406575
1272	0.652167356965	4.71386046249
1273	0.584625291807	4.75937446678
1274	0.639480209114	4.69997590295
1275	0.576635563317	4.72588655845
1276	0.642847166156	4.65636093419
1277	0.639765815486	5.65889246591
1278	0.604178204023	4.66962803857
1279	0.719365713255	3.52232050322
1280	0.704494761397	4.51758482287
1281	0.676568703881	4.51299523208
1282	0.721823555427	4.45502318488
1283	0.722320233118	4.44994657251
1284	0.636519322597	3.50317159708
1285	0.669450739006	4.46848777656
1286	0.673832383808	4.45609271659
1287	0.712415101064	3.41134425537
1288	0.71620899644	3.39841155841
1289	0.678774193609	4.43058670452
1290	0.689217852108	4.39694395904
1291	0.537150502363	4.5336096625
1292	0.674980119361	4.39500973873
1293	0.5269852733	4.535333053
1294	0.675812826557	4.32333290175
1295	0.444518316522	3.51536840567
1296	0.436460872001	5.51826479617
1297	0.439797307452	5.50330455626
1298	0.433668072044	4.4906101402
1299	0.402435198221	3.50825653394
1300	0.501993935673	5.40271729702
1301	0.483478468458	4.39573202162
1302	0.482136604801	4.37170822248
1303	0.489926601036	4.35768081971
1304	0.508346546341	4.33101810276
1305	0.448358501393	4.38905033979
1306	0.475409863334	5.34731581826
1307	0.420293178789	4.3901781641
1308	0.393439229845	4.39610795076
1309	0.437595126779	4.33895084196
1310	0.444137158829	4.29106056106
1311	0.498679561815	4.21633150818
1312	0.511786872389	6.13499847219
1313	0.521921665921	4.10690105743
1314	0.475061956857	5.12774045731
1315	0.47168037679	5.10228829955
1316	0.442036503842	4.08617594278
1317	0.456599421742	5.04906697249
1318	0.563165397074	3.92776690153
1319	0.542944572558	4.86168032296
1320	0.556516707385	3.83584842968
1321	0.659822627998	4.73167629334
1322	0.439532007719	3.94941814814
1323	0.616334977409	3.71147786274
1324	0.659056915702	3.66230327703
1325	0.584770931286	4.72063291704
1326	0.564864741624	3.69344472226
1327	0.596185758612	4.63450610038
1328	0.532591978292	4.62683401269
1329	0.637177931387	4.47949848318
1330	0.657704209512	4.44377476293
1331	0.651759212049	3.44914681752
1332	0.632858879484	4.40473703507
1333	0.671802003427	4.33988066812
1334	0.452035425584	4.52285789184
1335	0.459481759821	4.51007180353
1336	0.467591955308	4.48276984769
1337	0.474409975028	4.44409345882
1338	0.499702946085	4.41726315355
1339	0.42492427504	4.45901378439
1340	0.356914099127	3.51379688543
1341	0.54716948076	4.32038167151
1342	0.480264887014	3.3824065559
1343	0.484774499151	4.34888020604
1344	0.37847434332	4.41623470696
1345	0.436625871732	4.34236732216
1346	0.555655400957	4.18351190381
1347	0.558249491453	5.16179336578
1348	0.491263190695	4.22408661394
1349	0.468554022014	4.2461825877
1350	0.528729772851	5.15975379124
1351	0.44646910717	4.23944000743
1352	0.535254481388	4.13882102256
1353	0.54921676881	4.11860402239
1354	0.506310521961	3.14255792804
1355	0.594142583902	5.0320460254
1356	0.400607874234	4.21718708052
1357	0.571243722339	4.01705206563
1358	0.456075339756	3.11589208078
1359	0.575149040591	3.99024652266
1360	0.501079666775	4.03995538172
1361	0.641269899558	5.87861919225
1362	0.542672144328	3.95752277507
1363	0.638010959479	4.81024010793
1364	0.440698719704	4.96040359216
1365	0.637378965487	3.75842053901
1366	0.619483832362	4.74469586014
1367	0.722762241852	3.61956078785
1368	0.678641648395	4.64721230372
1369	0.442978037784	3.84498760179
1370	0.671654426008	3.56782875198
1371	0.61721197404	5.59718778368
1372	0.581857436182	3.62363501859
1373	0.634367017677	4.54915990488
1374	0.495452746838	3.6599041451
1375	0.671264536758	5.45825740632
1376	0.551766229309	4.57716014529
1377	0.726846282115	4.39343202499
1378	0.742759942054	3.35284816673
1379	0.667066353521	5.42621066044
1380	0.682448334067	5.40785312246
1381	0.710955856862	5.36107296776
1382	0.526751936326	4.4753733926
1383	0.718839488258	4.27594232414
1384	0.418871829076	3.56625110315
1385	0.269099727094	4.69020731083
1386	0.408290981439	3.54493418617
1387	0.457893868588	4.49242191861
1388	0.424647568545	4.51018303638
1389	0.423869034578	4.49636711035
1390	0.42358232465	3.49307996893
1391	0.551394469751	4.34945074345
1392	0.495397966004	4.40228977798
1393	0.562784896563	4.32648565416
1394	0.518091153917	3.36699052372
1395	0.612858359057	5.25210263807
1396	0.517368802592	4.32606896604
1397	0.44738577278	4.38754980534
1398	0.473619133203	5.35983246874
1399	0.427525466994	4.37407397108
1400	0.552986885981	4.24718264608
1401	0.52449977862	3.23302583361
1402	0.494580566961	4.25164451041
1403	0.57999630229	4.12048252033
1404	0.511845371574	5.14918520308
1405	0.503700557125	5.14255322192
1406	0.518299987279	4.12126698728
1407	0.476876655108	5.14717766285
1408	0.556562794238	4.0549249972
1409	0.556845707349	5.04580896017
1410	0.543986531403	4.03836682538
1411	0.6491545154	3.92323724233
1412	0.520081100694	5.01508696309
1413	0.733038091294	4.7761041418
1414	0.594142977327	4.8885800386
1415	0.635024482225	5.81998050403
1416	0.566399590096	4.85537135597
1417	0.628726808666	5.78410094178
1418	0.633966127701	3.77317791862
1419	0.690937856387	3.70592816006
1420	0.526032557104	3.86558414835
1421	0.735100840461	4.65096277443
1422	0.636288703571	3.70980832948
1423	0.645720085759	4.68426889773
1424	0.623777358458	4.68151743811
1425	0.653275008986	3.63147714883
1426	0.667715835048	4.58008784398
1427	0.664753685371	4.54906418637
1428	0.700438305476	4.51100017211
1429	0.710049553572	4.49121920418
1430	0.582253977728	4.57688356158
1431	0.689894247277	4.44921750109
1432	0.74632938976	4.35548139977
1433	0.663731134909	4.41255213161
1434	0.727597126592	4.32589658694
1435	0.679373541063	3.36710206703
1436	0.767475358654	4.26337583008
1437	0.692725952803	3.32529856702
1438	0.69237869761	3.3123015178
1439	0.455369677484	4.49011138516
1440	0.500434788133	4.35473900707
1441	0.520055468939	3.30548999802
1442	0.50380220169	4.28450963541
1443	0.472532540475	4.31559119168
1444	0.453420229403	3.31774170903
1445	0.511582405851	4.23642023775
1446	0.540866128924	4.19426113915
1447	0.593216355886	4.10761247915
1448	0.54538203728	3.14648453772
1449	0.523371149711	4.10236849723
1450	0.546406930076	4.04924851102
1451	0.602170914593	3.9188979506
1452	0.451337546486	4.04896288977
1453	0.641419704637	4.80760483295
1454	0.696753982458	4.74554404179
1455	0.654530765723	3.77513025251
1456	0.624539266699	3.75877576162
1457	0.601765453585	3.75936824139
1458	0.63830584221	4.71732571721
1459	0.631548694502	3.70444752359
1460	0.67986602193	4.61719108973
1461	0.657927258409	3.62872098656
1462	0.620997886095	4.66010243185
1463	0.665409980349	3.5980651523
1464	0.668975439043	3.59155654206
1465	0.692554509214	3.54561254302
1466	0.66671607746	4.53128299308
1467	0.541643721771	4.62592350383
1468	0.684434479041	3.47061137169
1469	0.656071715897	3.48113266341
1470	0.652948467137	4.45373045726
1471	0.678761824488	4.39839229672
1472	0.708663816879	3.33407223235
1473	0.697188263922	4.33560774795
1474	0.802518939865	3.22298354729
1475	0.738160486726	3.28386069917
1476	0.510960485161	3.46808276717
1477	0.489144807602	3.45413021493
1478	0.446293199969	4.40382309322
1479	0.453968429962	4.38703710215
1480	0.41210646976	4.4084480188
1481	0.438359757989	3.370917448
1482	0.455364790129	3.35173684942
1483	0.549200857667	4.24379555262
1484	0.44893446787	3.29170432199
1485	0.511974890072	4.22568121043
1486	0.587189586207	3.09413693651
1487	0.528124439751	5.12729438286
1488	0.556046082476	4.08437755712
1489	0.537503934012	4.08401683747
1490	0.617173257343	4.00136124563
1491	0.584856334194	3.96158450167
1492	0.533184004358	4.97507138846
1493	0.606973553104	3.79735203951
1494	0.641752681463	3.73422645874
1495	0.599150996248	3.74882098326
1496	0.681420414163	3.64899898192
1497	0.671142219422	3.64216088562
1498	0.645653847599	4.63723968798
1499	0.703541905678	3.56698292717
1500	0.68656152043	4.50193087183
1501	0.636619113644	4.52520820129
1502	0.704707077819	4.44999731404
1503	0.680867894344	3.45550856808
1504	0.683818940132	3.4233676349
1505	0.665482241833	3.41997062282
1506	0.719060275336	4.3652723502
1507	0.717023175342	4.32451025183
1508	0.649637357702	4.38547114998
1509	0.743608072484	3.27821100576
1510	0.677314166885	3.34320896551
1511	0.758677804183	3.25930742173
1512	0.683055934494	3.32943625405
1513	0.440600488546	3.51498767657
1514	0.509794889774	4.4275261123
1515	0.4158443953	3.48884357571
1516	0.451599315821	3.42731363874
1517	0.433104965608	4.43008326882
1518	0.511754331721	3.29247432845
1519	0.400448333591	4.35161437888
1520	0.502108794515	4.136990731
1521	0.445476860431	3.19310625505
1522	0.425141518498	4.21209036369
1523	0.544039519437	4.05871902139
1524	0.420608918566	4.16768628291
1525	0.509630618199	4.05469345151
1526	0.573777139681	2.97884317527
1527	0.46811088443	4.08331166389
1528	0.524920825907	4.0206773739
1529	0.436666655919	4.09047337892
1530	0.614903796486	3.89793530524
1531	0.566658404168	3.91890954293
1532	0.508602556876	3.96219072614
1533	0.441820545846	5.01697969418
1534	0.550276413657	3.87668101726
1535	0.571710426881	3.84998424207
1536	0.565515115252	3.81639166132
1537	0.545937829333	4.80833934215
1538	0.614550740035	3.72878688376
1539	0.635622246799	3.68686981126
1540	0.665493851283	3.65352402271
1541	0.632940855893	3.66464416675
1542	0.653224886338	3.62128238112
1543	0.547963586464	4.70561229788
1544	0.617347914501	3.61442093272
1545	0.544825071094	4.68464168778
1546	0.621874379406	4.59419800777
1547	0.635552619912	3.54386014983
1548	0.633089512591	3.53742872013
1549	0.506244167773	3.66045694343
1550	0.569790619836	4.56600422241
1551	0.641777560355	4.49350121667
1552	0.602329801277	4.49514300893
1553	0.69793287087	4.39547515233
1554	0.663639553551	4.42119992042
1555	0.572906457126	5.49291606704
1556	0.684486684412	5.35013833803
1557	0.63377192381	3.38591969176
1558	0.377337821432	3.60216845441
1559	0.423513473766	3.54663424688
1560	0.368664103867	4.57550260017
1561	0.329670727146	3.59945669402
1562	0.469157265383	5.43535483666
1563	0.423959633248	4.44996804216
1564	0.380398991301	4.45119001559
1565	0.493116345968	4.33297523111
1566	0.456683302143	4.3541948894
1567	0.44602460253	3.36162504542
1568	0.483981337246	4.30439174617
1569	0.45822978482	4.32755713242
1570	0.488978053236	4.27999556166
1571	0.426022648224	4.3423970455
1572	0.349417907547	3.40004431792
1573	0.408391290764	3.33643121329
1574	0.495061261588	3.22452804291
1575	0.519533287691	4.14897940124
1576	0.457046307758	4.17151217967
1577	0.52912981025	4.0550110547
1578	0.570133117032	3.99931826829
1579	0.597314684953	3.96180913704
1580	0.60604103511	5.93254855144
1581	0.433016252767	4.08546538968
1582	0.544909380223	2.96382073207
1583	0.587530256119	3.87227633542
1584	0.502036710623	3.95644579848
1585	0.581134531847	2.87325133722
1586	0.51288766627	3.94032787214
1587	0.566342496341	3.87559378539
1588	0.5490903788	3.88944314694
1589	0.530134835327	2.88261878797
1590	0.639490000799	4.76310678966
1591	0.564678445166	3.81699070584
1592	0.615531170604	3.73065773559
1593	0.57212703714	3.77178211799
1594	0.649217576356	3.64855083525
1595	0.614658181142	3.67918558652
1596	0.553688890681	3.73220088535
1597	0.584662964874	4.70094318729
1598	0.563885901352	4.7000837223
1599	0.620662484355	4.59961985503
1600	0.639965242617	3.50831405662
1601	0.606600694929	4.52450129534
1602	0.628912679712	3.47695983807
1603	0.615534334802	3.48016092719
1604	0.658090211218	3.36873890381
1605	0.558302532418	4.44224982835
1606	0.453723569108	4.5145015517
1607	0.479734134549	4.46387216469
1608	0.48478449403	3.41255722223
1609	0.41623558502	4.46043309656
1610	0.554461516152	4.30200919052
1611	0.467968157116	4.38446094391
1612	0.507270145629	4.32626821209
1613	0.482990706458	3.31940298626
1614	0.513339701202	3.27461891387
1615	0.43081977468	3.34376158297
1616	0.482942742743	4.27965565317
1617	0.517099470829	5.23295770222
1618	0.413945768995	6.33430848836
1619	0.526975452012	5.22045524922
1620	0.481379091599	3.2605279475
1621	0.454113598825	4.27737689961
1622	0.501274800394	3.22245624048
1623	0.467659173711	4.22931148989
1624	0.463361809545	4.2036353312
1625	0.554350885795	4.08708949188
1626	0.530121097522	3.10932915178
1627	0.514185669998	4.07869545037
1628	0.591388459368	3.99346802358
1629	0.534906435167	4.04494748701
1630	0.550141887783	3.99616840734
1631	0.411688924625	5.12173983659
1632	0.553461991215	3.94593792915
1633	0.50448798773	3.99365395696
1634	0.395570126849	3.08044455432
1635	0.556816489605	3.91395616861
1636	0.500830337293	3.96926639035
1637	0.574756432861	4.87672090499
1638	0.515811251184	2.92587556939
1639	0.592283045715	5.82642618681
1640	0.577416454354	4.82152313896
1641	0.581608373509	5.79880924204
1642	0.587798256227	4.76955113607
1643	0.593670656306	4.68179938428
1644	0.673129109293	4.58872083824
1645	0.667361396464	5.58745944056
1646	0.598868527854	3.65137341149
1647	0.626571534303	3.61142750758
1648	0.557454877292	3.67600364713
1649	0.654575287374	3.56998545292
1650	0.583045318797	4.63454751188
1651	0.601733011409	4.59526511805
1652	0.672845613916	4.49437274632
1653	0.640296639608	4.51367100697
1654	0.629933248974	3.51631772938
1655	0.582015647276	4.56397273896
1656	0.640781745332	3.50451067288
1657	0.668290638888	5.4441070974
1658	0.705220314693	3.39124693364
1659	0.666247871991	4.41039973155
1660	0.695664928372	3.36945867033
1661	0.692168005145	4.35262659909
1662	0.682422386768	3.35832693323
1663	0.624211005019	4.39941374851
1664	0.699511364664	4.31091416714
1665	0.7072890593	3.29047781178
1666	0.442260777016	4.54118117446
1667	0.399949285869	4.57208485547
1668	0.40068245039	4.54802418811
1669	0.40007138912	4.52339524311
1670	0.387869932523	4.50966623623
1671	0.352167747327	4.51000877799
1672	0.400760000246	4.4583689513
1673	0.364768273683	3.49111323158
1674	0.415975957246	4.4114523844
1675	0.390917591958	4.42829506194
1676	0.37431028718	4.42721991508
1677	0.368077745347	3.41448124206
1678	0.479179852688	5.28366592299
1679	0.41233289061	4.33604142444
1680	0.442240891056	4.3056231933
1681	0.397319313108	4.34878913687
1682	0.426963399347	4.29401959219
1683	0.431898903361	4.28737252901
1684	0.394365142987	5.3227636596
1685	0.451909827494	5.23808179177
1686	0.336979731948	3.28097041163
1687	0.463244016298	5.14755315518
1688	0.446703968868	4.13573730775
1689	0.48353668178	5.05315345552
1690	0.513656522559	3.95943482323
1691	0.600422517612	3.86893326343
1692	0.559458967877	3.89488734406
1693	0.602626424936	4.84314978879
1694	0.521604407164	4.88327389546
1695	0.540576481185	3.84412664536
1696	0.595054046998	3.78948295024
1697	0.525267668192	3.83625537523
1698	0.593555001878	3.68569889195
1699	0.505919066807	4.77287920353
1700	0.585749364878	4.66045665121
1701	0.61844677953	3.58615307767
1702	0.610275190516	4.57705571463
1703	0.547452418298	4.58731552313
1704	0.603991368047	3.49275244487
1705	0.565575100982	4.51897403181
1706	0.597749852636	4.47886049891
1707	0.494180000764	4.56555070027
1708	0.586350840228	4.47112533048
1709	0.537521271835	3.49174472558
1710	0.573437903767	3.4520975512
1711	0.636698165666	4.38734164549
1712	0.533045311488	4.4684731955
1713	0.440582509489	4.54541608212
1714	0.339120730212	3.63282154583
1715	0.338212070469	3.63212886597
1716	0.316623932692	3.64274273568
1717	0.406373626211	4.5369660488
1718	0.400009184953	4.51554814269
1719	0.38335200115	3.53201970302
1720	0.473353996102	4.43773630386
1721	0.347422888881	3.56048576263
1722	0.372364481621	4.46500268537
1723	0.43751387694	3.38771282692
1724	0.35632730731	5.41248280875
1725	0.514379369932	3.23810453605
1726	0.323935367221	4.42428961173
1727	0.511241241577	4.22152724281
1728	0.420590029213	3.28476548182
1729	0.520204800375	4.1410021081
1730	0.484921063673	4.1702813739
1731	0.436357333978	4.20857203548
1732	0.426386505418	4.21064048139
1733	0.54882762801	5.08777273418
1734	0.474983423295	4.11134508204
1735	0.530354677214	4.04457143915
1736	0.517389823261	5.0573054272
1737	0.555695301479	4.01772649466
1738	0.503184499865	4.04801046202
1739	0.548452523308	3.98142821055
1740	0.603458416774	3.91510036269
1741	0.601310452436	3.91456991585
1742	0.548210794685	3.9586225193
1743	0.533273728399	3.91701535613
1744	0.540974657915	5.89862471711
1745	0.574762010567	4.8405029188
1746	0.637645541368	4.73976642483
1747	0.601465466002	3.76082813056
1748	0.64854993412	3.64191644615
1749	0.571057262428	3.68407395422
1750	0.568042556047	4.68635420508
1751	0.618381566558	4.62906614457
1752	0.573521556807	4.65293302123
1753	0.588958652188	4.59225270321
1754	0.544585999841	3.63405954108
1755	0.655173198888	3.52056393136
1756	0.678708415888	3.49604098159
1757	0.598041595086	4.56841955488
1758	0.675763802557	4.48936971197
1759	0.574607463226	4.54271855559
1760	0.706234994583	4.40859223421
1761	0.665757596747	3.44138670045
1762	0.612555369587	4.44163537765
1763	0.648641827068	4.39539909087
1764	0.642135132238	5.39146173822
1765	0.578859505399	4.43309554549
1766	0.357023599826	4.62168681292
1767	0.479282418526	4.46743799027
1768	0.439301239634	3.47735971659
1769	0.366943113565	3.52618517497
1770	0.465672341791	4.40974486535
1771	0.344459135607	5.49928396413
1772	0.489645977114	4.34158717556
1773	0.475608459989	4.34328944216
1774	0.444527779242	4.36666550865
1775	0.457644867758	3.32057203159
1776	0.473255381506	5.27469067754
1777	0.532527520488	5.17330244241
1778	0.479444930799	4.20285145914
1779	0.417270615519	4.26365538652
1780	0.489722607012	4.1588227463
1781	0.426090024321	4.21103895805
1782	0.49981501503	5.13723342399
1783	0.502833643513	4.12797130289
1784	0.532518688816	4.08343522849
1785	0.539981972399	5.0622516005
1786	0.535140292824	4.06272280334
1787	0.509465999931	4.07622289956
1788	0.560762345329	5.02150405976
1789	0.55148319144	4.02154390971
1790	0.61029658521	4.93416412926
1791	0.509123015013	4.03132093678
1792	0.544618679994	3.94211417904
1793	0.585517475272	3.85776150128
1794	0.597262409905	3.80626496588
1795	0.529255390111	3.87300686722
1796	0.641477345364	3.74363525739
1797	0.699901146608	4.64241067538
1798	0.639938460357	4.69915541871
1799	0.594840565475	3.74296492142
1800	0.580649837882	3.72871153643
1801	0.627269238837	4.6718884999
1802	0.633542730607	3.61520845855
1803	0.665682891796	3.57359672544
1804	0.725074414961	4.51218027151
1805	0.651669761528	3.54010545727
1806	0.67388107044	4.48832566627
1807	0.684341486396	3.46649208976
1808	0.722466536823	3.35531296463
1809	0.669954537176	3.40692300474
1810	0.689638483318	4.381495639
1811	0.593379010602	4.44471471642
1812	0.656948288439	4.36037869135
1813	0.48908854447	3.43862280403
1814	0.439701179057	4.48782860049
1815	0.476161889192	4.32395909659
1816	0.420330450883	3.37712765962
1817	0.519864397236	4.27154972355
1818	0.498740765708	4.27390417514
1819	0.497263348143	4.22970679586
1820	0.487981009339	4.22993403316
1821	0.513179546629	5.18759851521
1822	0.570886494829	4.10107503116
1823	0.545109785003	4.11821214375
1824	0.473206065546	4.12049366031
1825	0.493229485463	4.0974586577
1826	0.566658641967	5.01787280702
1827	0.557825827873	4.98568331389
1828	0.563595194586	3.97271023687
1829	0.574521901284	3.92056154349
1830	0.618482684104	3.86147280392
1831	0.583031165345	4.89210981841
1832	0.677510954984	3.79368394915
1833	0.615546941386	2.84066643482
1834	0.585967072621	4.81186575161
1835	0.428647190154	3.94067999463
1836	0.59737351066	3.76096443014
1837	0.680202913361	4.63925219632
1838	0.656865063892	3.63471262154
1839	0.578530771138	3.69636497529
1840	0.621751022055	3.64059712125
1841	0.565168746814	3.68751473294
1842	0.535631711799	3.70777447256
1843	0.623334210328	3.6000902711
1844	0.66026472351	3.55280963254
1845	0.639172242611	4.55417754844
1846	0.559137901905	3.62423780907
1847	0.661395268885	4.42870016769
1848	0.644329625105	4.42193340989
1849	0.614573291707	5.44522709552
1850	0.654852611236	5.38788050641
1851	0.67532825902	4.32623311178
1852	0.43852071188	3.54931881224
1853	0.484491830965	4.47743981228
1854	0.427396363155	4.51303498015
1855	0.479299634735	6.45546866185
1856	0.500201867817	4.42552430907
1857	0.465030580795	3.45217871302
1858	0.519671647628	4.3932154869
1859	0.420805205017	4.48812441209
1860	0.466653905675	5.38815886917
1861	0.589436494589	4.25776451762
1862	0.474795013781	4.36592486508
1863	0.578515022725	5.17842579386
1864	0.609775601826	4.13782936388
1865	0.569858859167	3.17548623306
1866	0.575136365252	4.12678301115
1867	0.63010624182	4.06696030463
1868	0.558862219637	4.08803586209
1869	0.616850963317	4.02231217119
1870	0.549635458421	3.07098909368
1871	0.433815488432	4.1835259819
1872	0.60010631733	5.0170415322
1873	0.56421260597	4.00607174661
1874	0.592540833843	3.97073747344
1875	0.622486070793	3.90942439825
1876	0.513873764423	3.98078229921
1877	0.633177518766	3.85530379008
1878	0.542965577725	4.91048814178
1879	0.594915332044	3.85847938009
1880	0.649183437521	3.78184152234
1881	0.663179211267	4.75894497179
1882	0.650302803552	5.74127639967
1883	0.566009006594	3.8002558559
1884	0.624533255043	4.70829968562
1885	0.599884133797	4.72787740259
1886	0.621909943138	3.69345239855
1887	0.688597872068	4.59729409595
1888	0.642358960474	4.62999457756
1889	0.657815021766	4.61085970904
1890	0.640273102578	4.61490595175
1891	0.675034928923	4.57319624963
1892	0.629934563822	4.60952399221
1893	0.706678354572	3.50825522049
1894	0.620876547975	3.58638581605
1895	0.599000778372	3.59079238916
1896	0.630911164108	3.55831831184
1897	0.618945875413	4.56726684811
1898	0.582781812164	3.59459759371
1899	0.687926131685	4.46310014592
1900	0.532877493126	4.58646914684
1901	0.725627949325	3.37539671616
1902	0.622184270456	4.47578902339
1903	0.806776129451	4.23933576757
1904	0.805856369301	4.23493353908
1905	0.769792902729	4.25184103636
1906	0.652627135212	5.36214576981
1907	0.676265674151	4.31669940408
1908	0.470740037349	4.51877350453
1909	0.418962090151	5.54342777665
1910	0.487332286747	4.4463850408
1911	0.415791638587	3.49813941873
1912	0.444652492242	5.46412363954
1913	0.470716726435	3.42894555384
1914	0.492515731659	5.40002423449
1915	0.498719447739	4.3800801608
1916	0.458112699594	5.41722453207
1917	0.489270444379	4.35597230572
1918	0.398298810566	4.3604490715
1919	0.49721423721	4.25973700966
1920	0.432987670661	4.31050740612
1921	0.519221047258	4.1924123121
1922	0.520614448001	4.17227619415
1923	0.497129353583	4.19249655714
1924	0.514736326717	4.17411750982
1925	0.507075688269	4.15566243877
1926	0.500920349018	4.15478586856
1927	0.565019210908	5.08305846136
1928	0.570478296749	4.07100586498
1929	0.492689076906	3.11074076709
1930	0.568970853979	4.03286742372
1931	0.56406734917	4.00834468567
1932	0.535455535296	4.03343950303
1933	0.57005839222	3.98545553273
1934	0.592745110598	3.92032269999
1935	0.568852678016	2.92316322902
1936	0.48329372105	3.99984771365
1937	0.595562032162	3.87944528635
1938	0.653044834133	4.81538318844
1939	0.583268664897	3.87573663321
1940	0.548108004122	3.89095676597
1941	0.598139648044	4.83768138121
1942	0.452338151473	3.9803799409
1943	0.59171189759	3.83091267814
1944	0.555534780591	3.85749986352
1945	0.659182776768	4.74714752115
1946	0.626585106433	4.77544696477
1947	0.579294181263	4.81867009624
1948	0.619687467259	3.71001952069
1949	0.608361765846	4.63481244795
1950	0.574542806172	3.65529133135
1951	0.6698768586	3.54366195069
1952	0.658305052368	3.53042844192
1953	0.627894350935	4.51641530993
1954	0.693203962429	4.43903343079
1955	0.71607105174	4.39515024495
1956	0.65853657078	3.41135849694
1957	0.492214441727	3.48033829053
1958	0.412930463882	4.55758228501
1959	0.448840973853	4.49177298561
1960	0.499704394517	4.39012739926
1961	0.328501100379	3.54114687489
1962	0.47174982093	3.39638718333
1963	0.520539551451	4.3137286071
1964	0.403610038619	4.37486615061
1965	0.45689443659	4.31631013068
1966	0.536818487586	4.17798759772
1967	0.445969619831	3.25191096179
1968	0.552115225012	3.10787192798
1969	0.477722577759	4.17340210616
1970	0.527863673892	4.10141513268
1971	0.472623009124	3.14954500157
1972	0.498370647806	4.12305013841
1973	0.539967928824	4.06156211035
1974	0.521687626686	4.07415934118
1975	0.479445302599	4.09491067262
1976	0.496640880464	4.07165651442
1977	0.472064642752	5.08561533573
1978	0.437621498563	4.08151441409
1979	0.468121580274	3.99408624447
1980	0.613690842305	3.7833461152
1981	0.540832683549	3.81416378703
1982	0.52609881857	3.80994492427
1983	0.599723422058	3.71372509444
1984	0.504993883351	3.7955923571
1985	0.602080505617	4.69841926366
1986	0.622329521798	4.66283480866
1987	0.559818668017	3.72104937192
1988	0.601470046306	3.66762273619
1989	0.628881553046	3.63900251616
1990	0.616525931013	4.64047776674
1991	0.613170864967	3.62916470942
1992	0.461949502246	3.77531323206
1993	0.578327855773	3.63940296723
1994	0.626593488711	4.48936313219
1995	0.603830128932	3.4658533039
1996	0.690454718884	3.37269651621
1997	0.688581174604	3.36684000614
1998	0.436803760131	4.54732817164
1999	0.450953945687	3.522150449
2000	0.457492986141	4.49511498271
2001	0.337715225635	4.57902197655
2002	0.406359817417	4.50795981662
2003	0.416350318928	4.4707533151
2004	0.518400831207	4.36600207095
2005	0.471380634149	4.3832306827
2006	0.423508540962	4.41650320626
2007	0.504005925623	3.3284517226
2008	0.476635647783	4.34886281263
2009	0.454431000438	3.34434480021
2010	0.425905090626	3.36465047235
2011	0.483082440693	4.2975455914
2012	0.512134611031	4.12409741489
2013	0.58548913927	4.04817116116
2014	0.499304461423	4.11578406595
2015	0.404624486215	3.18600092233
2016	0.510340868036	5.05087195649
2017	0.524523993764	4.03149546606
2018	0.491609149206	4.0588724032
2019	0.531397622824	3.90821722242
2020	0.533007402317	4.90013356275
2021	0.5979073423	3.81116704421
2022	0.563929059914	3.84490452676
2023	0.646827121018	3.75494348255
2024	0.517793791062	3.87843097335
2025	0.547376995487	3.83697180858
2026	0.563936033587	3.78006398592
2027	0.68907206699	3.63606604674
2028	0.597568270788	5.69606817942
2029	0.680449827202	3.6108822795
2030	0.654408416649	4.60471532073
2031	0.621458909853	3.57796881048
2032	0.656069996565	4.54011427416
2033	0.526153362133	3.66723261338
2034	0.525458616774	5.65579911698
2035	0.661789282655	3.5170378052
2036	0.56751621142	3.60091972822
2037	0.649966913246	4.51257053822
2038	0.681356922615	3.47674985831
2039	0.622900766087	4.52987826126
2040	0.639265879587	4.50724179581
2041	0.605126165047	3.53947224974
2042	0.539879313107	4.60407668025
2043	0.629330980321	4.50514208942
2044	0.567082888417	5.52147277688
2045	0.515484461006	5.52175019364
2046	0.689726576802	4.33480762106
2047	0.737477069855	4.27238793064
2048	0.651497064376	3.34316121331
2049	0.342737858823	4.63011442097
2050	0.406309162193	5.55715845411
2051	0.335820375764	4.62346345825
2052	0.425228993227	3.52862205058
2053	0.434089189859	4.51939250542
2054	0.482708232607	3.46311039413
2055	0.44795506092	3.48079179747
2056	0.361994246315	4.56269773334
2057	0.424758264357	4.4911038316
2058	0.465664383028	4.42483238335
2059	0.49387870699	4.37637218094
2060	0.436087770476	4.42187011087
2061	0.498433649589	4.3570937279
2062	0.508009745146	5.32577186045
2063	0.433555774713	4.39511276844
2064	0.54295903202	5.21218642363
2065	0.526506538501	4.21655033874
2066	0.52844781954	4.19876915957
2067	0.491193767375	4.22328691687
2068	0.569443999045	3.12790458667
2069	0.477409747975	4.19501883698
2070	0.496671956331	3.1744809314
2071	0.540962861903	4.1288829074
2072	0.437425806519	4.20550879656
2073	0.560795342642	5.06991404805
2074	0.542073127122	4.07878454386
2075	0.629573121525	3.96826018926
2076	0.589320901966	3.97147107863
2077	0.651833871354	3.90068882315
2078	0.570222524079	4.98206963097
2079	0.59409272152	2.93579798757
2080	0.613028337639	3.9093971556
2081	0.6696001398	4.82457239286
2082	0.636703673248	4.8565902367
2083	0.630350533614	4.82364479884
2084	0.667003070301	3.77758016642
2085	0.639065215371	3.77132563665
2086	0.622536095782	3.78369736322
2087	0.649776528587	3.73870555458
2088	0.579567739078	3.79745121861
2089	0.610652633077	3.69530997848
2090	0.603693704787	4.68114162134
2091	0.632469702519	4.63047136058
2092	0.57360821015	3.67549548493
2093	0.633602096791	4.57958612703
2094	0.719950083031	4.46150369064
2095	0.668018569403	4.51313658897
2096	0.655641145189	4.51349049011
2097	0.617013508405	3.5168298988
2098	0.695846814592	4.41029467989
2099	0.764666349261	3.30082254953
2100	0.534103469628	3.42836307525
2101	0.445097697641	4.4858716197
2102	0.402505710742	4.52143842764
2103	0.533540799323	4.38026476524
2104	0.568145427347	4.33365637349
2105	0.555327749882	3.32941043029
2106	0.493089954557	4.3641023924
2107	0.56261323495	3.282453336
2108	0.529329722016	4.30063331348
2109	0.519008279224	4.30848134358
2110	0.529111952644	3.24477449692
2111	0.483902292364	4.25841712144
2112	0.636866129893	4.08693486133
2113	0.612500744914	3.110126036
2114	0.576512920145	5.12793813606
2115	0.523490028543	4.15525132521
2116	0.548431499318	3.12178941868
2117	0.518226059535	4.14803118389
2118	0.541467288759	5.10864834113
2119	0.561449079774	4.07815076089
2120	0.589809281416	4.01077971577
2121	0.629552364351	4.96665774858
2122	0.595286621494	3.96319684115
2123	0.558140611006	3.97862792168
2124	0.592110606029	3.9151701603
2125	0.553239966932	3.95403747868
2126	0.628964850216	3.84387499676
2127	0.66614439165	3.79804388143
2128	0.584193576823	2.87769512945
2129	0.611606734948	4.84127905552
2130	0.527075099415	4.87304356812
2131	0.628953772868	3.70325486384
2132	0.629451320511	4.65766083948
2133	0.628351097657	3.64429482668
2134	0.629690178655	3.63185942018
2135	0.704792564844	3.48043354606
2136	0.752941893314	3.42251619655
2137	0.649636761413	5.48828923072
2138	0.682782131567	4.43980692004
2139	0.60041828762	4.50736225537
2140	0.746938567213	4.3555286931
2141	0.62944556795	4.45473016357
2142	0.684856737407	4.39136025674
2143	0.639745406066	3.40895299675
2144	0.741124897127	4.3010338744
2145	0.760619154283	4.27427394084
2146	0.65599939748	4.36417712408
2147	0.682630650102	4.32530110643
2148	0.74214983686	3.25336788694
2149	0.362089112154	4.597094303
2150	0.444281008488	4.48882244485
2151	0.390033558913	4.53880269877
2152	0.401729681623	4.51096420644
2153	0.430176807093	4.47121011174
2154	0.362324981145	4.51900206393
2155	0.480214250011	5.37210045192
2156	0.448147551226	3.39491153614
2157	0.4136823351	3.41982569115
2158	0.455652627622	4.3660390873
2159	0.442559593345	4.37377034031
2160	0.482003896739	4.31870493886
2161	0.459782389184	3.32285638205
2162	0.469155841457	4.30602129423
2163	0.437188054295	4.31409625292
2164	0.498424949067	4.25174983647
2165	0.410076452239	4.32948986948
2166	0.457963918116	4.26499663027
2167	0.444099036561	5.25757303426
2168	0.47346274478	4.18002083901
2169	0.53704052981	3.08801283596
2170	0.408075789176	4.19636494094
2171	0.497705098537	5.10071065525
2172	0.435719659944	4.13757827281
2173	0.468545929946	4.09196806248
2174	0.478058494225	4.07289613405
2175	0.491905206453	4.02878437418
2176	0.492370849521	4.0199070495
2177	0.473172319363	4.00198486996
2178	0.452403987317	4.95328505431
2179	0.577894907543	3.81986885284
2180	0.572075697267	4.81420560595
2181	0.537098868288	4.84517292051
2182	0.621808667051	3.73641459107
2183	0.612496795423	3.74048864446
2184	0.630575059881	3.7043504115
2185	0.597260567913	4.7087308067
2186	0.519549636378	4.76326633571
2187	0.581891215792	4.67980590721
2188	0.662224107203	4.58158537165
2189	0.628066568824	4.58502101362
2190	0.638077278552	3.5625480109
2191	0.544639199958	4.6114597529
2192	0.576964727918	4.53059007076
2193	0.557723733514	4.51136353714
2194	0.664115426638	3.35841834832
2195	0.363429065599	3.59560172174
2196	0.420210365188	3.53378482628
2197	0.432433016302	3.51640294121
2198	0.42110681282	3.50800629403
2199	0.425014975079	3.47598731497
2200	0.43076290352	3.46535894077
2201	0.420194376352	3.4586858263
2202	0.426923219609	4.44925145132
2203	0.35821049148	4.51622669119
2204	0.36945459611	4.49610454843
2205	0.377768974438	3.4720705666
2206	0.50665317184	3.20110368489
2207	0.569165930197	4.09549912755
2208	0.528011795239	4.12804611722
2209	0.428064744301	4.21430805484
2210	0.402143548667	5.23780118251
2211	0.507469265822	3.07195042265
2212	0.403682020438	4.16997899727
2213	0.498118444145	3.04849175627
2214	0.534118254085	4.98409800383
2215	0.385626077339	5.11304589605
2216	0.532402705695	4.94839249762
2217	0.375312867318	4.09699728545
2218	0.576708686866	3.88729567616
2219	0.600214535754	3.78666542049
2220	0.590007652358	3.7933526939
2221	0.572159532267	3.80988647579
2222	0.54894670468	4.80718546476
2223	0.58146831649	3.75475136961
2224	0.561042582628	4.74233668085
2225	0.597165970727	4.69972766816
2226	0.62896866684	4.66447642672
2227	0.564631359653	3.71029367503
2228	0.590380370177	4.64855915829
2229	0.610430076949	4.61070993575
2230	0.671274077956	3.54178926561
2231	0.608282954064	3.59554537399
2232	0.563461322529	3.6392062808
2233	0.539466402701	3.65550316081
2234	0.470482226554	3.6856700777
2235	0.730261326065	4.32287505512
2236	0.370464289792	4.59526036031
2237	0.514435911421	4.42958403417
2238	0.465174715576	3.44341723914
2239	0.419130194662	3.46104805438
2240	0.47491313511	3.40010933921
2241	0.437981721803	4.43126555364
2242	0.486432153781	3.38016953795
2243	0.489807611247	4.37200804859
2244	0.521744265382	3.33019611145
2245	0.468729476482	4.38126287732
2246	0.45753357388	4.38047289215
2247	0.443542273694	4.37416464784
2248	0.415961574794	4.34222795145
2249	0.532318654019	4.20159875558
2250	0.520600582531	4.21015834163
2251	0.572042979322	3.13698327554
2252	0.527943680081	4.12966261556
2253	0.554114346676	4.09341310431
2255	0.538372660094	4.08622598447
2256	0.580150866973	4.02917224505
2257	0.506043788367	3.03853389734
2258	0.571052006263	3.95454971364
2259	0.593031506006	3.92430182002
2261	0.512682607587	3.996633705
2262	0.586269090804	3.92222517021
2263	0.510993598121	3.97841422616
2265	0.556117256301	3.92625741802
2266	0.564056048612	3.8911615955
2267	0.567658856131	3.88423072194
2270	0.582028596494	3.82810803277
2271	0.622110719463	3.78177484751
2274	0.673381091032	3.64299581829
2275	0.597449477611	3.71355496145
2277	0.748690601284	3.52430521023
2278	0.710712669927	3.54324642536
2280	0.685801650813	3.50734777243
2282	0.638835209071	3.50365193227
2283	0.708246342322	3.40971732664
2285	0.685183706876	3.38754300801
2286	0.686179316107	3.37181434618
2287	0.709629418707	3.30597311336
2288	0.444433637111	3.49441693478
2290	0.46191330041	3.4198087895
2291	0.540093597862	3.33158597739
2294	0.558739597766	3.12840701017
2296	0.432920622012	3.21834450046
2299	0.549165972001	2.99021727904
