4	0.00528914373221	0.982329275766
5	0.0051344042627	0.95880566438
6	0.00943979504543	0.942612735359
7	0.0148879991403	0.93165938282
8	0.0244695432179	0.862501588087
9	0.0262119379214	0.856646787418
10	0.0240110861306	0.839949775149
11	0.035284101184	0.787242192555
12	0.0394188715116	0.763123237545
13	0.0399267075623	0.760968251858
14	0.0358541041478	0.758751848004
15	0.0349798015507	0.749306394179
16	0.0397312934726	1.74015250884
17	0.0440023156713	0.729798015946
18	0.0447410577758	0.721711852951
19	0.0513076969145	1.69294297124
20	0.054731122919	0.688558464433
21	0.0499139542677	0.678572143122
22	0.0617182033007	1.64902643954
23	0.0553402620713	0.652300848197
24	0.0608280454539	0.645482341752
25	0.0509409048372	0.643178181044
26	0.0601733106055	1.60167967379
27	0.0756733667434	0.573586304491
28	0.0748762912767	1.57387221902
29	0.0791676202423	1.52868456383
30	0.0855221249528	1.48335140552
31	0.0857843026294	1.47273942823
32	0.116904062381	1.39274061704
33	0.105191357764	1.39970304124
34	0.0822743017139	1.41911311881
35	0.0979137211298	1.36330461799
36	0.0889901803855	1.36189469116
37	0.12508963782	1.29106972144
38	0.110125590188	1.28572207354
39	0.103997745305	1.28400958759
40	0.105882613312	1.27178027266
41	0.137159948586	1.23708564989
42	0.131583633644	1.22499070026
43	0.124928896143	1.21887053486
44	0.124173586563	2.18567885307
45	0.138554667016	1.15283753647
46	0.130503011207	1.08749090406
47	0.154659772766	1.0326255409
48	0.14675347945	1.01664015901
49	0.13615069053	1.02556000948
50	0.170412975568	1.95573535361
51	0.155148165342	1.96906742948
52	0.163105217406	0.947429607013
53	0.170325341507	1.93547032013
54	0.170326097726	1.88645900582
55	0.160026421745	0.847190190311
56	0.154095992114	1.85085673656
57	0.185686182114	1.81331973082
58	0.191684808363	1.80196753046
59	0.0642529294675	0.918857026866
60	0.0702423162717	1.89058972849
61	0.0850245493276	1.82597812727
62	0.116066758272	1.7822720719
63	0.122754157757	1.75752665026
64	0.0969367915836	1.76723419619
65	0.102200616667	1.75893657605
66	0.0997379634482	1.72794747255
67	0.130976922621	1.62804942582
68	0.109039417004	1.62056794276
69	0.152303713589	1.56890763204
70	0.118915963878	1.6015065321
71	0.109688779908	1.60706436997
72	0.123881506856	1.58891369082
73	0.159285031153	1.53332648415
74	0.0717023431779	1.61710314417
75	0.164170882938	1.47953841862
76	0.138659752251	2.48684025102
77	0.181616324075	1.41474545183
78	0.146639960168	1.44805890784
79	0.165334146559	1.4273783605
80	0.166411439684	1.42147822079
81	0.162309945596	1.40918198321
82	0.130948799892	2.42258005956
83	0.183843081239	2.36029093797
84	0.198813937216	2.33558049095
85	0.189965756642	2.29826396073
86	0.183327907742	2.29146560609
87	0.196466706633	1.22926295333
88	0.214154965176	2.18089030908
89	0.207930741937	1.16880551085
90	0.214621254565	1.1377358801
91	0.208578767267	2.1286331678
92	0.191551000466	1.08908618871
93	0.187763144221	2.08746574973
94	0.200904331426	2.00587958669
95	0.233452475147	1.93185704248
96	0.26705645403	1.84225369082
97	0.244432061496	1.83335723821
98	0.223267170858	1.83871464087
99	0.255799993293	1.80207161278
100	0.252928613532	1.80085098186
101	0.273015392971	2.76943596675
102	0.23002699331	1.8060015574
103	0.145205049657	1.80869512813
104	0.125455144798	1.82769698457
105	0.115028478091	1.83526583461
106	0.10486064413	2.81921196011
107	0.12251478345	1.77696936538
108	0.152565168483	1.67157530871
109	0.163656274235	1.65021182332
110	0.170093325898	2.63607486313
111	0.178236267148	1.62258343589
112	0.139449241972	2.65859627851
113	0.168808839039	1.62063285547
114	0.16986227777	2.57842502382
115	0.138815171099	2.59983668977
116	0.165971524256	1.56033132541
117	0.194134126922	1.48778797709
118	0.192511718832	1.45960027956
119	0.176825344007	2.46242662968
120	0.194799906485	2.40454506576
121	0.235017760018	2.35630806845
122	0.241958343019	2.33822767829
123	0.229344142754	2.34828607476
124	0.225640748913	2.32968227431
125	0.188371203027	2.35559447239
126	0.217057866624	2.29837051878
127	0.222269218122	2.28298846737
128	0.217799741933	2.27056708969
129	0.212025396688	2.26909088313
130	0.239621409961	2.22816124995
131	0.242914373395	2.19731117796
132	0.205959754399	2.16840411654
133	0.248582477932	2.12134295683
134	0.262748932863	2.09472092483
135	0.240568091801	2.08563336441
136	0.256542643512	3.05715049917
137	0.283338466698	2.00826514647
138	0.294204615694	1.95711269197
139	0.252677091957	1.98562910868
140	0.276377306933	1.93799886859
141	0.283632161752	1.92332310513
142	0.222733355558	4.98334417397
143	0.278519779975	1.92034135737
144	0.294372394727	1.90436676548
145	0.32314969618	3.85017005196
146	0.252676289065	1.87023333524
147	0.286936473921	3.82880346471
148	0.256200303052	2.8369695634
149	0.280640042691	2.80999560007
150	0.299852016972	2.78155001353
151	0.293272290648	1.782511586
152	0.316516551912	1.75105095298
153	0.255093005128	3.80416841576
154	0.309106189071	3.73802052717
155	0.300331733096	2.73287300095
156	0.284140479738	3.73503737727
157	0.32385877445	1.69406705471
158	0.28493228226	1.72258337736
159	0.345481198281	3.64945899169
160	0.139398200288	3.837555937
161	0.123231191709	2.85296043515
162	0.115845026521	2.84959812058
163	0.123582506568	2.82653603979
164	0.186577877065	1.69414109519
165	0.156108719603	2.71095916757
166	0.164390220936	4.68986252445
167	0.193797949547	3.65520134899
168	0.220365714516	3.61638541042
169	0.132665144886	4.69806645431
170	0.174249958454	1.6497037776
171	0.189772551237	3.62538208647
172	0.175807553862	3.63558568527
173	0.170159195966	3.62083373233
174	0.16131003357	3.61955693733
175	0.184759154632	2.53992117751
176	0.201465420438	3.47150759707
177	0.185700886336	2.4475975201
178	0.189140532422	2.44055149899
179	0.200072715341	3.42463787746
180	0.206184508819	3.40411460261
181	0.257698674824	3.33498403077
182	0.212005092525	1.35674106354
183	0.260946485267	2.29210732654
184	0.231072464132	3.28390547888
185	0.229609547742	2.25241421938
186	0.186457276025	3.24069214506
187	0.248777660772	3.15267538906
188	0.245204652423	3.13044321041
189	0.241469651852	4.13099297114
190	0.198808041842	3.14991486706
191	0.244896713304	4.08575002056
192	0.301376654677	3.01215297506
193	0.244700672713	3.05573414065
194	0.275282686325	3.01693069646
195	0.261952534885	2.02934716564
196	0.232975087059	4.05611712622
197	0.266465446862	4.02087055349
198	0.282810685921	2.9874503263
199	0.244177777668	3.02093239733
200	0.2501991204	4.01133311874
201	0.24519952074	4.00926952894
202	0.287287762938	3.95765792014
203	0.29079421207	3.9500543703
204	0.267668027334	1.96835384713
205	0.281897250073	2.94848532048
206	0.252926595518	2.96479223163
207	0.267901741473	1.94701205043
208	0.241015021479	3.94652647481
209	0.231473807458	1.92044828335
210	0.303145906408	2.83376220912
211	0.196987909762	2.93376158435
212	0.205658293163	3.91867846821
213	0.24878550924	2.84454953222
214	0.253940435789	3.83780435514
215	0.323507612768	3.75269768344
216	0.320443808841	3.73618142838
217	0.19584878208	3.73892099471
218	0.231083496405	2.69578442851
219	0.246829027344	3.66341532717
220	0.136745996754	2.76688438363
221	0.19429045487	3.70412407557
222	0.203052838286	2.63004965207
223	0.196555950088	2.63174622692
224	0.244359133887	3.57375502805
225	0.183799392392	3.62551255108
226	0.235829321681	3.57042866581
227	0.187664122742	3.6014417239
228	0.198775679655	2.58919918907
229	0.176826890198	3.60947723409
230	0.210210260501	3.57264041324
231	0.216509414845	3.51415173509
232	0.208328384471	4.50249571715
233	0.250257160521	3.42354018398
234	0.207349274907	3.46016133065
235	0.274284541618	3.37217833457
236	0.288927152062	3.3374231221
237	0.266698051408	3.29618808744
238	0.29453044559	3.26700979754
239	0.31664055876	3.23673895665
240	0.18831873794	4.31303369112
241	0.283764853683	3.20296340037
242	0.316367617168	4.12507044089
243	0.319741428959	4.12053194788
244	0.237447950029	3.19555066774
245	0.313100906754	4.11434907079
246	0.29891643407	3.11259692441
247	0.193256537687	3.217315665
248	0.258971151112	4.13064803033
249	0.262224422784	4.12078335008
250	0.284984149473	5.0952625652
251	0.298713061206	3.07152036461
252	0.326447510089	3.03750607632
253	0.286371995168	3.07666955754
254	0.340476082118	4.02035005503
255	0.296005832389	4.05536620131
256	0.231049472366	3.09978923105
257	0.260974533904	6.03538705226
258	0.297837121746	4.98976098046
259	0.309593337712	3.94613439749
260	0.370141292758	2.85817228684
261	0.356810398895	2.84870665885
262	0.355371974871	4.84823011737
263	0.326697119416	2.85518322511
264	0.276899346969	3.90389447094
265	0.258796294737	4.90291618289
266	0.301450160848	4.83446024533
267	0.296640665336	3.8266823806
268	0.374349557222	2.73784765891
269	0.305185716354	2.80510427618
270	0.394384341874	3.65888980301
271	0.357182696494	3.69518304997
272	0.399525794869	3.6136339691
273	0.17965698021	3.78729291474
274	0.223070499917	3.70963618892
275	0.251017466084	3.676680925
276	0.275088941617	3.60390892105
277	0.174733150371	3.67257025445
278	0.216726924815	3.57075955849
279	0.232566899225	4.53094976054
280	0.179144763924	3.5645056744
281	0.228827703011	3.46376106457
282	0.281117348245	4.38238110057
283	0.230102369256	3.41936159441
284	0.247830191585	3.35660055587
285	0.327870671912	3.26406340837
286	0.32121742651	4.26577572309
287	0.253460031683	4.32967808018
288	0.366648703945	3.20811979883
289	0.317082840633	4.22586586473
290	0.30009434966	3.23914391349
291	0.313665460164	4.13998092585
292	0.165443276089	4.25334330381
293	0.229243771644	5.17781595438
294	0.297884184932	4.10695100688
295	0.249071634299	4.13383364847
296	0.265962519889	4.11506875237
297	0.325142445232	5.04653134005
298	0.351225091899	3.01172175655
299	0.221454211015	4.08399098947
300	0.332147265891	3.96650281208
301	0.310290000036	2.96337675161
302	0.317044349534	2.91487440757
303	0.466685826314	3.75868461668
304	0.421085779507	3.76684292297
305	0.3396980186	2.83039328919
306	0.319440154582	2.83110145525
307	0.274379292006	2.85089380158
308	0.443561216916	3.60601285146
309	0.450659189322	3.57248620787
310	0.275226986245	4.72325153843
311	0.436031960674	3.56193966889
312	0.193211009216	3.74081193188
313	0.344190879537	2.56533124593
314	0.27663443567	3.5642114819
315	0.309097029255	3.51557556656
316	0.295258788214	3.50919541038
317	0.380873178512	3.42315757398
318	0.32806858902	5.44867612592
319	0.294298060401	5.48174022401
320	0.387445457362	4.37103069105
321	0.343192759029	2.41497016224
322	0.425372064105	4.31324465408
323	0.438477938472	3.29901596576
324	0.230601689187	3.48482682229
325	0.240166190672	3.45336020776
326	0.453826289434	4.18187726073
327	0.296594786724	3.3110103576
328	0.371603481356	4.22741583387
329	0.415936641701	3.1483658292
330	0.384539191789	4.16549082329
331	0.398277661891	4.14519702122
332	0.384391594941	5.13739523863
333	0.402415730665	3.1088897443
334	0.453179042144	4.04593731058
335	0.450542217974	4.03216192111
336	0.424465835098	3.01656019262
337	0.434898376497	3.97834208246
338	0.506458822328	4.89164083507
339	0.458575170668	3.89918414404
340	0.47389694233	4.85898702567
341	0.425864265817	3.90233148581
342	0.441356465751	3.87553314188
343	0.537489711836	3.77240027343
344	0.449464301262	3.82144305526
345	0.438769388719	3.82447250954
346	0.310970834236	5.94028440993
347	0.503125911221	5.74140999173
348	0.493682988553	4.74749849662
349	0.50474147525	3.71911625187
350	0.526101114156	3.68399395612
351	0.484985821466	3.71884289105
352	0.435176078438	4.75703730754
353	0.478174245247	4.70052159862
354	0.466072987243	3.6825130663
355	0.540624061758	4.57209917042
356	0.426452170939	4.6793238963
357	0.422855162166	4.64638210705
358	0.389135408961	4.64643500914
359	0.534593795483	4.48754630983
360	0.390087200311	4.60574429015
361	0.28177288441	3.68826493663
362	0.401897153986	3.56183700831
363	0.361024560739	4.5897565266
364	0.41823149989	5.53183994842
365	0.300836892793	4.60760195363
366	0.360175016098	4.54120898769
367	0.347459310868	6.53873101084
368	0.409106881949	6.45681780044
369	0.384007702117	4.45286542457
370	0.345990512432	3.45030688058
371	0.393286578067	3.384552364
372	0.44257102939	4.28401067781
373	0.34232661001	4.38176013548
374	0.447297750274	3.26650972301
375	0.379894119675	4.30778427883
376	0.367441311066	4.30648118692
377	0.422152999735	4.24970895554
378	0.344724342815	3.3168737172
379	0.379222754824	4.27916480315
380	0.429563279541	5.22221970234
381	0.427880487531	4.21723951587
382	0.37726943864	4.26061513196
383	0.434571125619	5.19019569132
384	0.438107750705	3.18146072356
385	0.398346190994	4.21802883758
386	0.439934879422	4.17363461509
387	0.310090451403	4.2975739194
388	0.328550743158	4.2755606264
389	0.448151303909	4.12109899567
390	0.459349969388	4.07125603067
391	0.396648186799	4.12496933502
392	0.517559054145	4.95629019033
393	0.406945743639	4.0384937434
394	0.474521893296	4.92502193004
395	0.522830999995	4.78818262713
396	0.423558155081	3.88516819737
397	0.474901992769	3.81716471749
398	0.429861797257	4.81129382972
399	0.397538362647	5.8155157286
400	0.480667250827	5.69945322918
401	0.48198578836	4.67656188567
402	0.447651279853	4.71064804012
403	0.529945270193	3.61859632161
404	0.498569563524	3.62881539039
405	0.52858670825	3.53989419991
406	0.499086403237	3.55508943328
407	0.583706671233	5.4357759041
408	0.324010310201	4.63255277802
409	0.353196447414	3.58927779755
410	0.326166509508	3.53909887261
411	0.311934887348	4.52551346458
412	0.222299462879	4.60628283389
413	0.272137257612	3.54243382822
414	0.260341886955	5.54483601155
415	0.286941714332	5.48907838143
416	0.339282590597	3.43433193306
417	0.197932652511	3.53778368565
418	0.296356701938	3.42364551454
419	0.227511943873	4.48569521014
420	0.331302977744	5.37536974328
421	0.390255640773	4.26999449024
422	0.403316370155	5.25081862503
423	0.320587679711	3.32514334998
424	0.316782376199	4.3210632562
425	0.279395423537	4.35079594254
426	0.365304889573	4.25574388267
427	0.359394385912	3.24900978812
428	0.291804270148	5.28579772405
429	0.362632488673	4.20163555151
430	0.308339560287	5.24343912877
431	0.367559545719	4.17370506643
432	0.41789526961	5.09753802644
433	0.479280057303	5.02730392272
434	0.419024817618	3.07770932811
435	0.37018895333	5.12457263527
436	0.411992759285	6.07077177615
437	0.447845425211	4.0118129623
438	0.407380877236	5.04653702285
439	0.388861330695	5.05260041172
440	0.38306833211	5.04335001134
441	0.488402219434	5.93498777468
442	0.391250368783	4.0154920709
443	0.447699163614	4.9145446247
444	0.501281754077	3.81983908424
445	0.471346639588	4.83842560933
446	0.451123295273	3.83531709187
447	0.362599081802	4.88821066244
448	0.424688935107	4.8059830332
449	0.419369602134	4.79445992433
450	0.452920345949	4.76049066899
451	0.34028119443	5.84614165934
452	0.492234356636	4.69188608072
453	0.427420575681	3.75506788916
454	0.404176669914	4.76178124772
455	0.408951161289	4.73770974147
456	0.463113627787	4.66051422331
457	0.505281624136	4.60819224391
458	0.39796058038	7.7069489735
459	0.54789098976	6.47799041462
460	0.465469464754	4.55925575875
461	0.485829815558	6.51148518879
462	0.341543632838	4.59946903137
463	0.281878782163	4.65909490974
464	0.215109722997	4.70297613481
465	0.251687052974	4.61595431198
466	0.292487886129	3.56649742997
467	0.35160460632	6.50632369936
468	0.309567872085	4.54194939979
469	0.276448643782	4.51723135177
470	0.323753240779	5.46779975081
471	0.362137313582	4.42537826457
472	0.315235430542	4.45651255779
473	0.416993355607	6.30181021429
474	0.356166462794	5.34315053212
475	0.330268375881	5.36146837731
476	0.461052414943	4.22335737181
477	0.3832356947	5.288028221
478	0.402546129425	5.26678698902
479	0.336246560516	6.31407095345
480	0.360910425028	8.28165307918
481	0.357691217032	4.26949279566
482	0.399611331871	5.19602292123
483	0.358922706973	4.17068020395
484	0.448705082509	4.07566779197
485	0.384179538716	5.13713117438
486	0.475874720727	5.99657976806
487	0.394119736414	7.0778430817
488	0.382042531171	7.0874199808
489	0.443420832085	4.99912903081
490	0.425241245177	4.01438332303
491	0.45062070816	6.98660222073
492	0.377049323753	6.03750822304
493	0.454125008971	4.95662277114
494	0.51024304647	4.87327199121
495	0.413691402011	5.95493393503
496	0.44696852337	4.92097748401
497	0.389876478804	4.97670680619
498	0.412499768892	3.95234118731
499	0.383416391012	4.98028172798
500	0.494603361097	4.85539214458
501	0.313822784334	5.02912876356
502	0.356342541516	4.95222405602
503	0.578743014386	5.67126946642
504	0.501092970739	4.74774990744
505	0.395661514266	4.82632165871
506	0.512084253881	4.70915888779
507	0.43502725577	5.73054662639
508	0.328189861576	3.82824885011
509	0.594325104908	4.54697301274
510	0.413455032697	4.71325329433
511	0.515050175989	5.56362286549
512	0.514255842444	5.55805320988
513	0.564945247038	4.47532063233
514	0.346499938921	6.68310714419
515	0.515398177516	4.50057822384
516	0.381979068691	7.59501136478
517	0.420182408704	5.55153350476
518	0.339004885125	4.59200366256
519	0.397505227243	6.53182240868
520	0.376650893894	5.5464509113
521	0.292579030119	5.5848052279
522	0.381750442396	4.48471189485
523	0.301556871778	5.54118718954
524	0.406825301539	5.41345200455
525	0.335942114061	4.42525543708
526	0.478901535308	6.22044296401
527	0.421459911123	5.27416383316
528	0.454377528719	4.23885596852
529	0.440592227537	6.25205617387
530	0.392256796346	5.29924574724
531	0.343861015569	4.32070622875
532	0.319964711283	5.33740235195
533	0.521336115559	5.10809498273
534	0.558191627222	5.0024573608
535	0.373151202626	6.15397602877
536	0.469816007428	6.0306175356
537	0.454778349885	5.03417458017
538	0.518098056539	4.9678932794
539	0.4945737572	4.97695412026
540	0.481794958729	4.96421519383
541	0.573356908849	5.81747180429
542	0.445330467915	5.94240866061
543	0.470652330053	4.90359041109
544	0.408325175948	6.91793173034
545	0.552850463045	4.74885038264
546	0.536166361144	6.75932291786
547	0.450516679867	6.7990301284
548	0.576629795647	4.66148652425
549	0.439551013663	5.78549726817
550	0.535474467688	4.66586545061
551	0.625698442696	5.51862281699
552	0.569161992871	5.56811452169
553	0.603938516968	6.51554149677
554	0.447280896651	4.65954047686
555	0.644698912155	7.42716507698
556	0.554120439571	5.49710536238
557	0.460470155987	5.58646121167
558	0.446893387159	6.5759450669
559	0.581935201764	5.43761302054
560	0.514761565851	4.49146666416
561	0.451199960692	6.55257789105
562	0.281697897051	5.69367836273
563	0.409410939312	8.55701138124
564	0.439384977426	5.47798786835
565	0.412293530432	5.49963569934
566	0.383578092427	4.52784963508
567	0.5115400496	4.35387747982
568	0.503028659847	5.35347884245
569	0.422789910096	5.43318848586
570	0.509669332512	4.32237577924
571	0.447134172301	4.37825827292
572	0.453002990518	5.32336280609
573	0.444147663518	6.32626164306
574	0.357848300447	5.36159209118
575	0.532411400848	6.15874615302
576	0.345298079881	5.34377128761
577	0.456092706084	5.20891700897
578	0.519737258817	7.107511112
579	0.490210319108	5.08880877869
580	0.4875369466	6.06244987416
581	0.423930310605	8.10950561365
582	0.569331753471	4.94636397776
583	0.513556765138	5.99058879222
584	0.481705456414	6.008616037
585	0.480501154579	7.00369836584
586	0.55589664807	5.91908932619
587	0.412335907509	6.05733703145
588	0.559788584452	4.89239610845
589	0.454833534666	4.97125183702
590	0.507868947053	5.87811141993
591	0.532235701591	5.85102869958
592	0.495230169764	5.88405629111
593	0.632867113885	5.70187698512
594	0.598178005722	5.72752320682
595	0.48989581936	5.80024316098
596	0.581769369849	5.69769303864
597	0.580597850888	7.67889153304
598	0.485516768028	4.75254381336
599	0.603104598443	5.61899715643
600	0.68232487782	5.52921356649
601	0.576286837792	4.60969401954
602	0.492284242015	4.65729361743
603	0.624937836803	5.49931054055
604	0.519093740065	4.60111783183
605	0.645427936947	5.45636150649
606	0.502695611442	5.58356437056
607	0.611830866406	4.39304794704
608	0.391636065879	5.59700240382
609	0.293914324544	5.6749001819
610	0.359830456558	6.60216257598
611	0.4357181467	5.5145689877
612	0.440346361893	5.46271018226
613	0.420731683923	5.47655209047
614	0.369027089761	5.52133573026
615	0.35976180142	5.48422084344
616	0.358606653924	5.48073628458
617	0.328426356384	5.42998201546
618	0.471262822647	6.2615678834
619	0.350104877116	5.36072867055
620	0.578966241859	6.08313821726
621	0.508069298181	7.10507815556
622	0.463782273034	4.10759553224
623	0.429864996352	5.11342263869
624	0.536460741798	5.97335091501
625	0.505282712269	5.00129765568
626	0.501675677439	6.99902415095
627	0.401678728446	5.09691477235
628	0.491931245239	4.96908349463
629	0.445484490799	4.98234288071
630	0.566026350301	6.80796241361
631	0.414034501447	5.95632275899
632	0.545477185303	4.77875054165
633	0.440100638653	5.8733600859
634	0.539068676519	5.73702199825
635	0.471483043682	4.78638894785
636	0.565415015894	5.67257638204
637	0.497966838085	6.64649420155
638	0.532264463517	4.60374777592
639	0.546058794965	7.5780753784
640	0.530580864316	6.56991438123
641	0.506137061578	6.57971846191
642	0.565471188683	7.5150668026
643	0.593729882109	5.47133361336
644	0.507591828064	4.51169617518
645	0.379863212968	6.63683929132
646	0.457243746549	4.53007117113
647	0.337016126098	3.63324218688
648	0.464269479674	4.50183393145
649	0.436051031592	4.50325096007
650	0.416221011985	5.50335169359
651	0.574192257854	7.32109203773
652	0.444469975376	4.40412149842
653	0.333740192446	6.50965338702
654	0.461428531977	6.36308651204
655	0.463326966344	6.30860364893
656	0.534773825437	10.2155491037
657	0.520046756716	5.19464533519
658	0.346363173068	4.33312918403
659	0.442016286467	5.23042716736
660	0.491612612008	5.16875670737
661	0.481854755994	5.17183661941
662	0.489295462593	6.13665165455
663	0.544713489414	5.03667787103
664	0.437724988556	5.13927719884
665	0.612840337905	4.95945686083
666	0.466795073428	4.06188214348
667	0.521172732603	6.9519327038
668	0.627865627577	4.71711574031
669	0.533097781904	5.73244737804
670	0.612024990496	6.62403778256
671	0.587568505659	3.63445455682
672	0.552075387895	4.64575170372
673	0.547051556729	6.65011264098
674	0.602176455968	6.56614856141
675	0.592738893853	6.54383171546
676	0.529969387631	4.60297964491
677	0.621532156439	5.49124265441
678	0.509488068031	5.60086041658
679	0.65527730846	5.43668266511
680	0.53854675295	4.53711273373
681	0.525645479737	5.50861890054
682	0.55264669788	6.45479701933
683	0.561780164351	5.43431353382
684	0.377530464378	6.59412120736
685	0.299331582457	5.60804939401
686	0.309627670112	6.52844486063
687	0.415641035476	5.39701621065
688	0.308404779119	5.47426184092
689	0.44934554064	6.33005981257
690	0.396074118262	6.37842400671
691	0.486365620462	6.28237607862
692	0.430469884902	6.32569595843
693	0.333597337514	5.39581987975
694	0.310759508384	4.41270755386
695	0.25671375426	7.43897319154
696	0.512678304311	8.17529801204
697	0.263499509858	4.41050573939
698	0.489050545356	6.17249482587
699	0.333002438223	9.30892324708
700	0.349186088374	5.28280259395
701	0.392640819826	6.19064617457
702	0.454367661565	6.0895748843
703	0.477415564915	6.05803174625
704	0.540809761151	4.97504636212
705	0.569583535461	8.9153821158
706	0.528367464266	4.95518670417
707	0.504806800756	4.9760224051
708	0.518950945856	6.94607906555
709	0.552617812976	4.87241374266
710	0.588647056904	7.82716281132
711	0.480261355114	4.9340229662
712	0.48089715651	4.87735878049
713	0.585021843859	5.77188868884
714	0.506599477137	6.84561239154
715	0.557536421516	5.782027079
716	0.407540029242	7.88029133471
717	0.532340505694	5.74519400585
718	0.515668987973	5.75699980162
719	0.579091472927	7.67912953346
720	0.573779267536	4.66954772342
721	0.592942557375	8.64197453626
722	0.346305028229	6.88853224171
723	0.452793279331	6.76176132255
724	0.566711408199	5.64035773258
725	0.494645784999	4.71151882003
726	0.599149723264	5.60141882853
727	0.481528525069	6.66554864764
728	0.45173196848	5.66764320359
729	0.532404469449	6.57411589801
730	0.593721051748	7.49782780528
731	0.486014661089	6.57004582005
732	0.508773952719	6.54683236287
733	0.579572984573	5.47248066533
734	0.592640086011	7.42647435246
735	0.587945780814	5.41684708706
736	0.48267220941	5.45021462101
737	0.452435261422	5.47911157381
738	0.513523681299	5.4110886829
739	0.395231536219	5.48969260144
740	0.488248982846	5.36314413698
741	0.443140545778	6.39732190702
742	0.50009587307	6.33039583194
743	0.466389092387	6.35601818539
744	0.386173159845	7.43302197786
745	0.438932609745	6.30594051876
746	0.523334277821	5.19111021204
747	0.530546567046	6.17842644907
748	0.457764700905	6.20556702297
749	0.583072774756	6.06082568669
750	0.553079311451	8.0900239495
751	0.504610464376	7.13574291614
752	0.572497185086	6.01298634967
753	0.501979162651	7.07461439731
754	0.586758688091	5.97583428651
755	0.532978986075	6.99941900306
756	0.491769462389	6.0233420007
757	0.563722651217	6.92563296458
758	0.625003749554	5.84820226009
759	0.517707227414	7.9421483018
760	0.524736670311	4.90795298966
761	0.65931606098	5.76963840544
762	0.455649847152	6.9541832315
763	0.611426941301	6.78436123111
764	0.692005448051	5.70314718263
765	0.617924926994	4.74380632214
766	0.609002777069	5.74809006938
767	0.602257642031	6.72665323892
768	0.570630443566	5.75002070105
769	0.624427750697	5.69100275918
770	0.597847301872	6.68200877205
771	0.611004265842	6.66377973185
772	0.514863716233	5.72047944162
773	0.611007567034	5.61170240542
774	0.538436936445	6.68021108784
775	0.529275393037	7.67535800407
776	0.55199080787	5.63321793076
777	0.599818697608	6.5060324877
778	0.531362106247	7.56940032213
779	0.575568821955	10.4960187508
780	0.558421283013	6.50331279185
781	0.654331449279	6.38446684323
782	0.5298040489	5.44812588436
783	0.435080834559	5.54148169708
784	0.514876964611	5.45528072795
785	0.610357580026	7.33273481431
786	0.42099134801	5.49076341057
787	0.506156679547	5.38381696615
788	0.561465286601	6.32284693357
789	0.534004526844	7.34915906722
790	0.573066078135	5.25335868039
791	0.343773019064	8.47287562787
792	0.458646197132	9.35607963395
793	0.295234688855	5.49812909246
794	0.361261340828	7.4266839296
795	0.500314168324	6.18455775426
796	0.560029679722	7.120661196
797	0.511542024568	8.14408320468
798	0.611398406316	6.02416926445
799	0.662183137182	4.91663786057
800	0.613787356621	4.96311004553
801	0.649915769668	5.89629154469
802	0.454445597467	6.08773800068
803	0.601223024885	6.90889738014
804	0.609398138586	5.85304350794
805	0.560885206261	5.88502124227
806	0.581361995941	7.85608946189
807	0.592718007916	7.83680498934
808	0.66526916106	7.76217911638
809	0.630220082982	6.77744119355
810	0.473499607173	7.9297083561
811	0.586217773167	6.79865965952
812	0.481403201366	5.8639976557
813	0.657031781727	7.67478615558
814	0.67895242525	7.63087948534
815	0.49230638858	6.80546942083
816	0.69677805348	6.58796142798
817	0.594825742338	5.68853892641
818	0.548249016758	5.70656709414
819	0.47513459618	6.76268150046
820	0.574006510507	6.65822251425
821	0.555826625649	7.67109878848
822	0.602398756709	5.56268967524
823	0.630161942907	6.53355223342
824	0.681805839843	5.47471289523
825	0.666329143795	6.47551805232
826	0.724461424113	5.39397694582
827	0.70033215434	6.39655938618
828	0.700196917809	7.38948817032
829	0.675856335243	7.39907896095
830	0.667030361209	9.39815331816
831	0.688038476601	6.35919988156
832	0.591909155949	6.43783875125
833	0.541447960604	5.48501305757
834	0.675444042925	8.32607875458
835	0.469709348023	5.49986894656
836	0.442738721491	6.51079926411
837	0.482458515869	5.4447185526
838	0.622121818018	6.26175171097
839	0.424164343352	5.4563642016
840	0.387689604331	8.49151356647
841	0.57973800569	7.28745842089
842	0.510716914899	5.35195477888
843	0.464929484742	5.39436555036
844	0.529856720108	6.32365137877
845	0.588342349473	7.2313889621
846	0.512013780195	7.27726681479
847	0.52288122008	6.26143194787
848	0.464620820399	7.28197816525
849	0.597150737554	5.1464346179
850	0.617663790969	8.11054275114
851	0.522253946399	6.19290110983
852	0.471489434681	8.22906399596
853	0.606290441756	6.06702696294
854	0.566481448094	6.10462290259
855	0.508467961404	7.12930262397
856	0.665278701648	5.96986021733
857	0.403637478977	6.18153128775
858	0.586583074965	7.98177221073
859	0.436700572851	6.11509732012
860	0.449709360106	6.10106535606
861	0.54126780794	6.98063430976
862	0.688823476556	6.81224141688
863	0.566987697851	7.90879544333
864	0.562579829658	4.89601558622
865	0.562122998385	8.86480301975
866	0.693021277261	8.731357419
867	0.496725147421	6.92171887014
868	0.679197268468	5.72239762021
869	0.676125158659	7.72189470101
870	0.602772151469	6.78391134794
871	0.692681371463	7.68976530687
872	0.622422989916	8.75947620935
873	0.529559866172	6.83644329419
874	0.630072388112	6.7077157757
875	0.644327303139	6.67236479784
876	0.508615312394	5.80700988093
877	0.454047143146	6.84483171522
878	0.448307189007	5.79904143506
879	0.503974430566	8.7406796023
880	0.57713454712	6.62806804258
881	0.534767624261	7.65045589479
882	0.749216095789	7.42157025851
883	0.675125256892	9.48191943825
884	0.5712424376	6.58037761147
885	0.681140116325	9.4599376592
886	0.736243375379	5.39817615397
887	0.665712542813	7.42589116534
888	0.663213313549	6.41700634544
889	0.711152699351	6.36747209872
890	0.621988384479	5.45086547199
891	0.657138843212	5.40943125752
892	0.417869217568	6.56139181551
893	0.405605927398	7.56348048975
894	0.451709672421	7.50899660583
895	0.439977368237	8.51720387875
896	0.531266457952	5.42502846275
897	0.471221949521	7.46252661783
898	0.40418263778	5.49422401511
899	0.340841677747	6.55139628637
900	0.462096871435	8.4192750592
901	0.404921376914	8.47400559938
902	0.382304030631	5.46427298846
903	0.418101759385	6.41593993282
904	0.37025679688	5.45640828541
905	0.352725064904	7.464071534
906	0.424707060672	7.37610553892
907	0.45858341948	9.33376833717
908	0.562994966864	6.13363305548
909	0.383152940418	5.29666492483
910	0.552472425121	7.12089596564
911	0.634870392083	8.0373478332
912	0.489373177997	5.17803450867
913	0.500002207348	7.11581768457
914	0.264535600496	7.31076315722
915	0.383144867474	7.17185258311
916	0.565444876176	5.98359408303
917	0.586072922153	8.91064364885
918	0.385238786221	7.10800671066
919	0.67149554459	6.71981310546
920	0.481628060318	6.88897379526
921	0.605337751064	6.75472543641
922	0.641300407388	5.69847452633
923	0.452515710741	7.83767179451
924	0.412257027122	6.84661442244
925	0.550945834204	9.66576299467
926	0.472536050027	6.73273960495
927	0.616388799502	6.54653637566
928	0.556992321361	6.60307277094
929	0.633465165181	6.51300936412
930	0.675283803846	5.46647219499
931	0.648629011944	5.4743385862
932	0.560057775913	7.47657901025
933	0.388481303846	7.59845459318
934	0.423260208476	5.53437135097
935	0.399975745938	7.53480130753
936	0.534913775607	8.37725259701
937	0.488878896797	5.41002109681
938	0.419571395927	8.47564359056
939	0.409073039602	7.45958447837
940	0.48204901621	6.37636502303
941	0.33246107164	7.51256571177
942	0.3720955007	6.46815612072
943	0.549933436841	7.28252751373
944	0.61352627144	6.21282078961
945	0.561350824559	7.26350937218
946	0.492235335882	6.31061109907
947	0.441666256053	8.34642913178
948	0.506019335514	8.25350552858
949	0.387657039777	5.37123904348
950	0.390405338459	6.33679483822
951	0.407332922459	6.2894042775
952	0.555014964546	7.06675610303
953	0.540432854748	9.065437464
954	0.703370325999	6.89319245993
955	0.52055776023	6.03651094218
956	0.368018727472	6.18405128662
957	0.363583782995	6.16947995063
958	0.666252743321	6.83046881704
959	0.405488450799	7.07777284454
960	0.650964008694	6.78554820963
961	0.701212906524	7.70755998522
962	0.606343867442	5.77369843457
963	0.533018052511	7.84518714796
964	0.702273004325	5.6564540003
965	0.648815626332	5.70726917817
966	0.634686085248	5.69653735193
967	0.641431119644	6.6734638193
968	0.657932697167	5.64251643797
969	0.736134322578	6.41100062197
970	0.708224573441	7.40584476596
971	0.600415340345	7.49891843284
972	0.59368796449	6.50370356421
973	0.716208547904	7.37488921314
974	0.604172560806	5.39474046987
975	0.700411744056	6.28999193584
976	0.503147380478	7.47490465842
977	0.548647399797	6.4187354882
978	0.503327354385	7.46264652121
979	0.51055312426	6.43920031126
980	0.546139878891	8.40037484835
981	0.449163592118	8.49253281225
982	0.391207720973	9.5175311345
983	0.48122816316	6.42205224666
984	0.494327012304	7.38465908154
985	0.543928814965	7.28746996283
986	0.456960835371	6.36402030118
987	0.494812885603	7.29407776386
988	0.602301824924	5.13664275176
989	0.695015305567	6.03968646909
990	0.619009773042	7.07492271702
991	0.68134199439	9.99400227456
992	0.550726346685	9.09477792409
993	0.656143019443	5.90166239656
994	0.631930879833	5.90833933464
995	0.656911055875	8.87516852417
996	0.334937806004	6.18266630017
997	0.384242925046	7.12177297422
998	0.542758026635	7.92980079314
999	0.756605296152	6.68785689879
1000	0.530073294708	6.91126576889
1001	0.575605602262	6.83135743976
1002	0.683393744836	6.69256671887
1003	0.72510210313	8.64531430208
1004	0.577845207013	5.77086833243
1005	0.722553941803	6.6237200582
1006	0.487866921111	8.8296571146
1007	0.618936528069	6.67858695263
1008	0.669586129371	6.62201571986
1009	0.590634623717	7.68648170855
1010	0.645400984997	6.54537872241
1011	0.676217641367	6.48939365399
1012	0.637170504846	8.49373423173
1013	0.785708682854	7.32148456187
1014	0.827127066851	7.26784082186
1015	0.794380025628	6.29793228311
1016	0.673982256222	7.41437302461
1017	0.606133176655	6.48198612
1018	0.622936507122	6.45773938542
1019	0.699926240051	7.33018701956
1020	0.557857474771	9.46574093465
1021	0.723933174333	8.28817577942
1022	0.325643520943	6.63294065361
1023	0.424827599022	8.47966919348
1024	0.486929664457	11.3878787696
1025	0.532347449339	8.33880089962
1026	0.242951925898	10.624633291
1027	0.664816007134	6.19957349278
1028	0.560002243861	6.28470681489
1029	0.498222972595	7.34381688805
1030	0.465007050788	6.36977569506
1031	0.527008781347	7.28029961636
1032	0.608129694076	8.194596443
1033	0.574463015112	9.22387072516
1034	0.634504705619	7.16321127581
1035	0.624635062132	6.1690612958
1036	0.466930822689	5.31481795342
1037	0.613494855881	7.14927549853
1038	0.512773006766	6.24633630436
1039	0.375023764904	8.37370836616
1040	0.431542567951	7.29576428612
1041	0.654362101343	6.07144084093
1042	0.736284896416	5.97826000339
1043	0.610850066586	7.05225600279
1044	0.578594549509	7.05940403525
1045	0.593420138521	10.0317526821
1046	0.662504803812	5.85569580953
1047	0.793740150306	6.71087798867
1048	0.546484370523	7.95410754352
1049	0.660761973059	7.81274079198
1050	0.703634627253	9.75336220752
1051	0.789800737007	6.65374772324
1052	0.663345940631	5.76226080879
1053	0.690439405392	7.72358660568
1054	0.577007202875	5.82911882602
1055	0.591386914842	6.78413920145
1056	0.566770697549	7.80348975895
1057	0.742632932791	7.55725089811
1058	0.672033544209	7.62652047987
1059	0.587824293703	7.65945450288
1060	0.83982158498	8.40381502244
1061	0.771725171065	6.4339185872
1062	0.737705285365	6.45667009801
1063	0.829546082854	6.34440496605
1064	0.697755267346	6.4680252358
1065	0.770282825216	9.38620115026
1066	0.606035304996	6.54214779104
1067	0.655592223651	10.4891080891
1068	0.787560128189	6.35363925911
1069	0.584353879162	10.5491591021
1070	0.712163296963	7.35848047807
1071	0.646619299388	8.41815909459
1072	0.735897722389	10.3284600369
1073	0.852259295169	7.18152590583
1074	0.723072838439	6.30027307732
1075	0.816509231582	8.18864511132
1076	0.608115404547	7.38394281509
1077	0.506804794313	7.45132350082
1078	0.679452085926	7.27113142498
1079	0.515095899258	6.4113771742
1080	0.600215921752	8.28400212735
1081	0.580713166267	9.27890466606
1082	0.622996370424	10.2351866138
1083	0.480772776173	7.37348078304
1084	0.584824260309	6.26433158753
1085	0.435042883933	6.41346924713
1086	0.799029282489	7.04138753547
1087	0.499020906946	6.28409555297
1088	0.704286309471	7.98739409884
1089	0.601514100601	9.07169457618
1090	0.674116005234	10.9910450847
1091	0.725289766635	5.93421333972
1092	0.767863179782	8.88772650338
1093	0.562652110138	7.09291614212
1094	0.614205789513	9.03585217021
1095	0.723849905863	7.92244964795
1096	0.641284803309	10.0046759236
1097	0.543051050761	9.09246674984
1098	0.677720148951	8.94998297038
1099	0.748069207539	8.87663119543
1100	0.696649991886	8.89244455254
1101	0.673219940855	7.91041375142
1102	0.732818382953	9.83174699422
1103	0.497404590333	10.045513952
1104	0.658893987064	9.87211546003
1105	0.463085518862	9.06609280968
1106	0.788133609065	8.71714539336
1107	0.787438046496	7.69946605054
1108	0.646709114635	9.82835541996
1109	0.57153461957	6.89980437813
1110	0.685207956967	6.76624366045
1111	0.835485177397	8.58862774543
1112	0.716943691766	7.68371421279
1113	0.65608439185	8.73728852924
1114	0.714542687592	6.6541506061
1115	0.777909856869	8.49621998686
1116	0.807055996676	9.44786559569
1117	0.787910098066	6.45967860793
1118	0.73031805136	8.51199568213
1119	0.91380456589	6.32419002764
1120	0.770617866169	6.46272804037
1121	0.636067965749	7.59618822498
1122	0.790082239697	7.40366362528
1123	0.70523360818	8.47144937238
1124	0.762923353861	6.40582215009
1125	0.794165964326	6.35953643312
1126	0.692210004075	6.45354967262
1127	0.798785296116	7.29900225581
1128	0.855657187137	6.23568648666
1129	0.852870602647	7.23490352095
1130	0.886638721223	8.17939270233
1131	0.644263504848	7.4164580159
1132	0.875667280446	6.17386086547
1133	0.790460853004	7.25797608703
1134	0.791111806965	9.25325640551
1135	0.624127669128	11.3873461953
1136	0.712776918667	7.29677005338
1137	0.558926714249	8.42895483287
1138	0.599051330028	8.37609065698
1139	0.612208634039	9.2680254721
1140	0.588036634673	8.28995941958
1141	0.790323575437	10.0696447034
1142	0.659807214805	9.18431908518
1143	0.641275579008	7.19764802107
1144	0.606538990909	9.21125213028
1145	0.499559298168	8.28564485429
1146	0.424972484019	9.34381812366
1147	0.469402645527	9.29033579572
1148	0.576244456953	10.1748155928
1149	0.511632740589	7.1979952877
1150	0.731362552508	7.97510698885
1151	0.553424022774	8.13188012622
1152	0.560980981779	6.10637143446
1153	0.660779416386	6.99619967603
1154	0.524589825059	8.11597904995
1155	0.627325334863	9.97726835192
1156	0.735082622142	6.86587573183
1157	0.649086455256	8.94416567227
1158	0.725839159971	5.86269475781
1159	0.722641808673	8.85615550912
1160	0.525926400554	9.02942012794
1161	0.746582806351	9.79899652098
1162	0.787144679058	13.7252107785
1163	0.575451421442	7.93200923766
1164	0.523858097301	8.9774558608
1165	0.599379518097	9.8930042814
1166	0.75143401505	8.72439872874
1167	0.677420841221	10.7851688443
1168	0.671116701311	9.78975527923
1169	0.653924111209	7.7924079231
1170	0.671686930258	8.74948276248
1171	0.64277085203	8.76983024667
1172	0.582730791123	6.79356313558
1173	0.62129641383	10.7379576476
1174	0.594135488941	10.7456164928
1175	0.754626901556	9.57640804323
1176	0.859708014279	8.43734252099
1177	0.871842913148	7.4251697421
1178	0.653641259586	9.61792061223
1179	0.757870506314	8.51042184681
1180	0.635945397444	10.6280245767
1181	0.873937439512	6.36971535537
1182	0.775822127257	7.46067319351
1183	0.818055471968	7.35957384354
1184	0.80641710562	9.3423757914
1185	0.802194604143	7.33003077653
1186	0.857102288033	9.27185887583
1187	0.911523481519	6.1941207657
1188	0.878360564592	9.1983224148
1189	0.822156807479	7.23483193221
1190	0.862089967434	8.17146049376
1191	0.848730977934	9.1743663726
1192	0.685796740491	9.33489778277
1193	0.812699454051	8.18318821886
1194	0.842371071267	12.1516104583
1195	0.666562735005	6.28130591181
1196	0.493497071335	9.44224838284
1197	0.607277747362	9.28873231161
1198	0.575688553615	7.31783313791
1199	0.585377093522	6.29245160549
1200	0.640551469537	9.23505968055
1201	0.710289470516	9.14816727263
1202	0.580336985329	6.24087823233
1203	0.64077537274	10.176456523
1204	0.57196431313	7.12953452486
1205	0.592372711456	8.10281126897
1206	0.476777009981	7.15196612143
1207	0.428708815668	10.1952542726
1208	0.671371469997	7.93468879513
1209	0.657138244433	6.93474334003
1210	0.607457456801	8.96340328696
1211	0.661667855775	8.90766650323
1212	0.697576170221	8.86444046596
1213	0.791057329831	8.76910984359
1214	0.688056260468	8.86233776652
1215	0.480534637156	9.04730451834
1216	0.702769917283	8.82175495477
1217	0.516249223358	7.97145022064
1218	0.613772840945	7.85936879346
1219	0.485841551025	9.98349946088
1220	0.561374812791	7.89104376831
1221	0.703033064595	8.6887211494
1222	0.60653059697	7.74536943765
1223	0.743072115407	8.56011576023
1224	0.661818423254	9.57340126749
1225	0.61818076981	8.5744870083
1226	0.945367702223	6.23918287199
1227	0.712830780296	10.4437600649
1228	0.701684391032	7.44983577218
1229	0.802648285638	8.34221211373
1230	0.702532915892	8.43676930013
1231	0.861306176416	6.25547656573
1232	0.760045917336	8.35535174407
1233	0.696068905765	9.41534958192
1234	0.843548563908	8.25588553177
1235	0.499364354139	8.59863740117
1236	0.606554569117	7.47065975778
1237	0.861836553913	7.19598360156
1238	0.662988626824	7.36196430109
1239	0.551867279157	9.4248717653
1240	0.553405383068	8.38920812358
1241	0.690904470242	8.22923585496
1242	0.53408570048	8.37276128723
1243	0.634141474845	11.270510038
1244	0.538860030441	7.36532621807
1245	0.636321001337	6.25653843921
1246	0.520262297177	8.36987040646
1247	0.627067574393	7.24338728795
1248	0.576275549113	8.29330685737
1249	0.654295422767	8.20595759358
1250	0.423408852949	7.43039428702
1251	0.614559678344	7.2279507341
1252	0.721656351592	8.11715014369
1253	0.338977293295	9.48605033575
1254	0.559142228427	8.23328246178
1255	0.639969525265	9.15173173929
1256	0.538409607133	12.2042911965
1257	0.556384123922	8.17685513872
1258	0.583952737492	15.1279775432
1259	0.438508367792	8.27151111045
1260	0.67166037503	8.01188090158
1261	0.61092320258	8.07219008717
1262	0.727799058247	8.87946527047
1263	0.631892341098	8.95784394366
1264	0.600879434573	11.968188962
1265	0.709253342704	7.85465120441
1266	0.60529406997	7.95180820046
1267	0.571736507722	9.97066364996
1268	0.706292714548	9.81383514383
1269	0.538122017738	8.9816616671
1270	0.670618869767	10.8380903766
1271	0.649137709401	12.8592728171
1272	0.64066091422	8.83694955927
1273	0.61568309117	10.8435434782
1274	0.549538061312	10.9050740349
1275	0.481737011003	7.96059013583
1276	0.713425361563	9.72617884075
1277	0.742515281542	8.69238045281
1278	0.785573159996	7.62294725399
1279	0.64344029538	7.75783903048
1280	0.628846440206	9.73123955571
1281	0.758020497291	9.53987577213
1282	0.580704410644	8.69159261915
1283	0.667764237841	8.58333230787
1284	0.808021993861	7.40520516542
1285	0.712748333746	10.4520936777
1286	0.792781699886	11.3675944586
1287	0.859991965004	8.25378733087
1288	0.621307042281	10.4779503498
1289	0.706236476898	8.39264981202
1290	0.85167825059	10.2451117995
1291	0.85560719699	7.2060478318
1292	0.961188993782	9.08685403846
1293	0.815504492174	7.2224914341
1294	0.67250296218	7.35534001934
1295	0.868520141869	7.14883564307
1296	0.868092835367	11.1447677303
1297	0.754653536972	10.2543382226
1298	0.730701867783	9.17335523528
1299	0.669807531478	7.22098099026
1300	0.618604116574	12.2136366472
1301	0.675299967014	8.14681517089
1302	0.493747582529	8.32676605515
1303	0.654875933908	8.1617520551
1304	0.572813525669	13.2246812058
1305	0.740440555473	9.03573876896
1306	0.48499739866	10.2699969061
1307	0.653323491663	9.09916196848
1308	0.64893900529	9.09814506956
1309	0.528899458254	10.1903113075
1310	0.486974521174	7.20195334346
1311	0.580984001788	10.107874409
1312	0.59701605698	8.06430324678
1313	0.677260906789	10.9751008025
1314	0.550932607659	9.10054237841
1315	0.578830978886	12.0496979062
1316	0.652353622907	8.90837140935
1317	0.669629646614	10.8822091055
1318	0.584399339062	8.95814366968
1319	0.635887523307	8.90583166601
1320	0.679104662305	7.84620444769
1321	0.614731018259	8.83663578758
1322	0.659227103034	13.791705691
1323	0.669010240227	7.76988741002
1324	0.635702200303	12.7741015867
1325	0.588093862643	8.8160632911
1326	0.711370371476	7.69227900036
1327	0.771931859032	8.61280663647
1328	0.451155643595	9.92735796676
1329	0.590912005402	8.78572115136
1330	0.380005486962	6.98061841389
1331	0.71036507455	10.6163466631
1332	0.522777493236	6.80205743438
1333	0.644268553906	8.66767443392
1334	0.718454042086	8.58619888217
1335	0.577101527429	9.71201017671
1336	0.590617621646	11.6895366972
1337	0.667155765719	8.60047448728
1338	0.726577596722	8.53571839978
1339	0.64991093153	8.58548781468
1340	0.753676595977	9.48055690015
1341	0.793965026535	9.41872412747
1342	0.819112033886	8.36479500155
1343	0.662548004535	9.51880780389
1344	0.58415689771	10.5944258184
1345	0.584559034046	7.57547176319
1346	0.813502589864	8.34044979783
1347	0.626102444351	8.5237188247
1348	0.82109714085	8.32426063726
1349	0.821630546015	8.30532399515
1350	0.851013791164	10.2688828398
1351	0.631054713416	8.46612243177
1352	0.722010261154	10.3713348524
1353	0.656225733623	12.4269355355
1354	0.733404041558	8.29754110126
1355	0.628393718579	10.3812303219
1356	0.88879250909	11.1078473734
1357	0.755206220866	11.2386621414
1358	0.538651702197	9.44984909308
1359	0.751779619676	7.23498262458
1360	0.573262091232	9.35592880411
1361	0.715239019615	11.2094596294
1362	0.653171684982	9.24764987108
1363	0.573820897778	9.29006617183
1364	0.626516929689	10.2177324208
1365	0.652485150614	9.15028209855
1366	0.575045021332	8.21267101785
1367	0.570984443946	10.200166891
1368	0.669010017101	9.08327372545
1369	0.586824004037	9.15491963349
1370	0.623072343006	6.09134722651
1371	0.556903357134	12.1386756835
1372	0.715497538309	9.97090940642
1373	0.492684460239	12.1739790366
1374	0.652414199761	11.0010259852
1375	0.482308984134	9.15819737658
1376	0.743973693128	8.88848389894
1377	0.756143625698	7.79898772749
1378	0.841860812549	11.7027151674
1379	0.807408056645	8.73048210295
1380	0.681310286735	8.83604554252
1381	0.679215449631	9.83086928863
1382	0.759430285278	8.72309867387
1383	0.566209974359	8.8685354442
1384	0.744830456504	7.68056208151
1385	0.79274390161	8.60778716855
1386	0.662300555978	9.70277940041
1387	0.789375250769	9.55655479989
1388	0.660679875714	9.66816127025
1389	0.860991631125	9.425135363
1390	0.749905237134	11.511892366
1391	0.648231365644	7.60317221653
1392	0.892852612937	11.3323915137
1393	0.729215561483	11.4881819121
1394	0.867955137783	10.3319335762
1395	0.895194710455	9.26969647511
1396	0.906817352451	9.25603164987
1397	0.355779532424	12.8018843425
1398	0.801094393615	9.3517784333
1399	0.928890179923	9.20118930259
1400	0.704422184283	11.3592372021
1401	0.614983625505	10.436814199
1402	0.732783342684	9.31077484771
1403	0.832583179551	9.20350380736
1404	0.834539333903	8.19919148055
1405	0.960109032423	8.05067697032
1406	0.633519416668	9.32305260458
1407	0.704698927208	9.22370518863
1408	0.476764049116	10.3760955382
1409	0.580560237086	9.25937592775
1410	0.515241659396	8.32105550414
1411	0.765926381829	9.04105061323
1412	0.588423662871	8.20354778576
1413	0.807955940653	9.98337788338
1414	0.594080888183	9.19335576291
1415	0.708425767077	11.0206184952
1416	0.714737694675	8.98214262693
1417	0.538875421408	9.13784904671
1418	0.635620463198	10.9969626143
1419	0.660525007595	9.94263637986
1420	0.428484295862	6.12044592679
1421	0.686253942231	10.8347929148
1422	0.619355817498	9.884624134
1423	0.684617497108	8.81854950537
1424	0.722234278982	10.7623196322
1425	0.727083164033	13.6799812681
1426	0.77381902742	8.62146309293
1427	0.701376173032	9.69357143238
1428	0.704484518974	8.56954055353
1429	0.768599005854	8.49508408153
1430	0.723125901781	8.53117087232
1431	0.555635979757	7.69453616977
1432	0.789862245033	10.4446811072
1433	0.817229064607	8.35072725221
1434	1.02973471802	8.12975904463
1435	0.903971610014	14.235390708
1436	0.608105706244	8.52447324225
1437	0.716713849545	8.39501221415
1438	0.855087369382	9.25570034418
1439	0.465095484945	9.64438033137
1440	0.889088548813	10.1887227603
1441	0.808754195714	12.2571587948
1442	0.843027189547	11.2012918804
1443	0.646679874835	9.39496484973
1444	0.953029816452	8.08533636894
1445	0.985325707081	10.0403680187
1446	0.861871567554	10.1355196005
1447	0.96713705854	12.0254813196
1448	0.636251492022	11.3396656507
1449	0.916055291762	9.0562167314
1450	0.717674746639	8.20944002715
1451	0.719730355793	10.2050850703
1452	0.480566568576	8.44421405582
1453	0.802876870877	9.09922531017
1454	0.771926726066	9.12548589061
1455	0.892778748893	8.98806751108
1456	0.785557626576	8.08459494397
1457	0.570315643043	9.28316040298
1458	0.55183750894	9.27117090025
1459	0.864450871071	9.9242983798
1460	0.61598789127	9.17260751197
1461	0.587008118	13.1874881157
1462	0.819161957238	9.95275436589
1463	0.671904162783	13.0622390148
1464	0.52097537464	10.2103178404
1465	0.65202287915	8.06716696792
1466	0.781989442776	8.90841806912
1467	0.684775896823	10.9998891973
1468	0.81773347297	9.85500950528
1469	0.842325236756	12.8282428711
1470	0.598848855131	11.0516242064
1471	0.694041226787	8.94328398901
1472	0.804867915844	10.8236735492
1473	0.445095261257	11.1595637644
1474	0.914498645154	8.68348005704
1475	0.684732389935	11.898706491
1476	0.580194808586	7.99532019187
1477	0.528496882706	16.0147189808
1478	0.562599944555	10.9617255041
1479	0.905705646392	8.59436880248
1480	0.729799262287	12.7496132771
1481	0.733330907583	8.74222505244
1482	0.689772749111	10.7763146815
1483	0.589835255182	9.85604265088
1484	0.465952342626	8.97472099891
1485	0.787278622823	7.62405675622
1486	0.677230678427	11.7102955655
1487	0.597704303149	8.78066656808
1488	0.826262290483	8.5363020323
1489	0.679832173804	12.6611576314
1490	0.660248707909	9.63411886378
1491	0.546769010811	10.7404386753
1492	0.707279586578	8.57622774733
1493	0.935543512601	9.31592078625
1494	0.645969888322	9.60490942584
1495	0.682499596107	9.53675206927
1496	0.769505261308	8.41175319342
1497	0.759594290833	10.341215461
1498	0.673986816728	10.4217493138
1499	0.748765232727	7.33992043348
1500	0.58292978747	11.4748763492
1501	0.873557024706	8.18385889997
1502	1.05017592364	9.99810533487
1503	1.03651245489	9.00221451661
1504	0.735055125083	10.2686296267
1505	0.799671002502	10.156059997
1506	0.838875314967	10.1100874482
1507	0.824892575615	9.10140601643
1508	0.990514455467	13.9144273289
1509	0.439067714945	11.4481217826
1510	0.800136770255	13.0607807294
1511	0.824108177138	9.03452744584
1512	0.72547609492	8.12535246405
1513	0.915017237454	9.91192530084
1514	0.844021354031	9.97618664518
1515	0.825398815459	10.9861556483
1516	0.590509764207	11.1913013363
1517	0.84326630687	12.9165814256
1518	0.727092426742	8.99638225613
1519	0.838020216574	9.85286813379
1520	0.679386634599	8.00793390162
1521	0.800833623585	11.8229827902
1522	0.830698017945	9.78431583982
1523	0.868010623263	7.68440464097
1524	0.526286434801	12.0217314015
1525	0.990298424087	11.5559477917
1526	0.871587099082	10.6745012624
1527	0.968444678129	9.57725770075
1528	0.69671234498	12.8341801488
1529	0.607622966099	7.91256033263
1530	0.887110840356	11.6115722559
1531	0.982440204528	8.51501681623
1532	0.877297723868	11.6068945996
1533	0.835405374225	8.62528628221
1534	0.999765649815	9.45913084591
1535	0.6381657864	9.81189568375
1536	0.934400302683	10.5141220733
1537	0.982986988086	9.39736180433
1538	0.605466432156	10.7597943616
1539	0.85887923058	8.49054711575
1540	0.746850018678	9.57652192668
1541	0.780720282691	10.532832448
1542	0.425381883514	10.8881658432
1543	0.857227984598	11.3953570535
1544	1.11617174972	13.1348403733
1545	0.643452959869	9.59526703569
1546	0.853305819975	9.35694769582
1547	0.935768338442	13.2506955953
1548	0.908472808667	11.261214188
1549	0.854375151019	10.3028930801
1550	0.757789213869	17.3880128697
1551	0.81770724493	9.31773368505
1552	0.871509392262	10.2362058543
1553	0.885159511506	10.218355114
1554	0.913403447824	10.1525279043
1555	0.75560748527	10.2949670132
1556	0.799050745436	10.2442042328
1557	0.779492910321	10.207912673
1558	0.729401170169	8.25301020862
1559	0.695605597609	9.25149866848
1560	0.788206685472	8.15006401095
1561	0.7752246524	11.1257696324
1562	0.898305583638	12.001661692
1563	0.812050706767	9.08015513478
1564	0.946258417373	9.91876700866
1565	0.904256881402	10.9564000076
1566	0.767454333779	14.0324734201
1567	0.812400557557	10.9761362492
1568	1.02866000525	8.69191159444
1569	0.628023832954	12.0899307019
1570	0.736303804552	8.97436074197
1571	1.11638102395	8.58846294469
1572	0.655544666077	10.0138696866
1573	0.961755735657	12.6996861157
1574	0.801481982159	9.84479620394
1575	0.65994731791	7.96644502751
1576	0.766462071358	8.8508637036
1577	0.84576516559	8.76380025445
1578	0.894861878152	9.67442077341
1579	0.942766863421	9.62153159044
1580	0.545950990103	13.0123850142
1581	0.8512365728	9.70638564821
1582	1.04575443185	12.5071451716
1583	0.882864820371	9.65817628467
1584	0.858462395217	7.66868439225
1585	0.773222754305	10.7364823556
1586	1.0233700656	7.47574148988
1587	1.00901595608	13.4580963924
1588	0.825281581842	8.59675715034
1589	1.02105171907	10.3640925904
1590	0.988984749455	9.34101282237
1591	0.940514677178	9.3448228422
1592	0.915919636491	9.3452080305
1593	0.840633735007	14.3986818505
1594	1.13098089913	10.0939180112
1595	0.955053957546	12.2652874398
1596	1.03769006868	9.12725099698
1597	1.08831488585	9.07301876416
1598	0.884732196192	13.2623703212
1599	0.808999496793	9.32823970811
1600	1.1860444926	15.9280830624
1601	0.795611361973	11.2986042439
1602	1.10470767191	11.9539390012
1603	1.00003695867	11.048093116
1604	0.982366317532	11.0149446795
1605	0.891425264799	9.03076801585
1606	0.900161630105	11.9745937921
1607	0.932168347714	11.919985821
1608	0.820827484329	10.0307816414
1609	0.817790474266	11.0155621
1610	0.759616162814	9.06779609797
1611	0.535063021832	8.28259949719
1612	0.986043110438	10.8209815496
1613	0.668320954483	8.12934977804
1614	0.876253696888	8.92140511817
1615	0.847578077586	10.9172265044
1616	0.813238356241	10.9414463678
1617	0.90984454516	12.8316479421
1618	0.963034014612	11.760385304
1619	0.728130513788	11.9470488179
1620	0.7767603893	9.82361557659
1621	0.884854507934	7.68011601773
1622	0.779597871956	10.7131570074
1623	0.746032191131	12.7443255059
1624	0.853115324315	13.5856755607
1625	1.1051035625	9.32304455609
1626	0.837946637718	9.56526603613
1627	0.984030780988	9.39905059494
1628	0.733849934845	8.57467839669
1629	0.951791429676	12.3468789789
1630	1.03741190004	8.25729360264
1631	1.02850692204	12.2175771965
1632	0.871285447846	10.3574939252
1633	0.755228785403	13.437902875
1634	1.00453427864	11.1835403964
1635	1.12812015498	9.05644358876
1636	0.851392014512	9.31322286665
1637	0.937780146895	8.19584846172
1638	1.05290543626	11.0507709607
1639	0.956404457765	9.12791916647
1640	1.02126142684	12.0520922251
1641	1.01206206978	11.0424316354
1642	0.945283121276	9.1038844766
1643	1.00884934092	13.0237601919
1644	0.720296444829	9.27484877106
1645	0.784428860004	11.1966419745
1646	0.890467045113	10.0781392609
1647	0.857201785194	9.0807986486
1648	0.861922156125	10.0465976447
1649	0.750792193175	12.1305573458
1650	0.950793909598	9.92745938329
1651	0.821066433304	9.0520432978
1652	0.92574799832	9.94062815362
1653	0.65204879744	8.1977743667
1654	0.633062560331	9.19567801619
1655	0.701105841833	12.1146388123
1656	0.948495437116	9.8615666096
1657	0.825874752687	9.97375656119
1658	0.70641046651	10.0886895639
1659	0.845231422335	10.8954822464
1660	0.632539921264	11.0904713091
1661	0.558616350128	12.1485302003
1662	0.709299863164	7.98073599236
1663	0.935374906977	13.6904500244
1664	0.739770055052	8.86113104939
1665	0.69222095893	7.80679200073
1666	0.81133826194	10.6660373437
1667	0.813652393223	8.6185760493
1668	0.828668654078	10.5737436867
1669	0.694583549401	9.68998765069
1670	0.646922781766	8.72581588686
1671	0.861246023508	10.4832098728
1672	0.747252080859	9.58570318656
1673	0.624070914499	11.6901808541
1674	0.431866458329	9.87447434078
1675	0.916609983769	11.38396017
1676	0.818454331849	12.4530740446
1677	0.685587274298	11.5668370512
1678	0.997051466165	10.1933694063
1679	0.946059850816	10.2130010424
1680	0.865914105495	8.2615593754
1681	0.938701669198	9.18203774797
1682	1.08833980414	11.0254126533
1683	1.06572588922	10.0458816789
1684	1.04724456504	8.04361417649
1685	1.05722802959	10.0281280825
1687	0.67680498248	10.3103295378
1688	0.82557909173	9.10307588284
1689	0.725357186536	12.1794791848
1690	0.555211097489	9.34663335289
1691	0.716688258559	12.1783273294
1692	0.523806458897	8.349956991
1693	0.492428337739	11.3701725393
1694	0.596193636677	11.2618091586
1695	0.555723999781	13.3017834854
1696	0.772978704137	11.0809136465
1697	0.674138525355	12.1713404294
1698	0.727510598381	10.0722227771
1699	0.953209179489	11.8365832568
1700	0.55019273949	9.23782325569
1701	0.736208719577	12.0421363741
1702	0.760774644568	9.00818390943
1703	0.589707559401	14.1129241308
1704	0.811194070859	8.88254533278
1705	0.787192732891	8.88503186617
1706	0.741551439736	9.92078345694
1707	0.612380426265	10.0340605436
1708	0.901602380795	8.73943446823
1709	0.848412120723	10.7881046255
1710	0.661378595114	9.95983953225
1711	0.655604343167	9.95115245744
1712	0.838083777136	10.7613747329
1713	0.372308122736	9.21588940126
1714	0.752324298617	7.80858017013
1715	0.728192061091	9.83231038549
1716	0.678804439198	9.85759071237
1717	0.626479880245	9.90532416716
1718	0.721624993173	12.8095770616
1719	0.566838065274	9.94738771342
1720	0.681449522345	7.8263987035
1721	0.750415333326	12.7415779844
1722	0.580062838319	10.8748729717
1723	0.848240580573	12.5862884662
1724	0.664847118439	11.7517745795
1725	0.737953444611	10.6289030012
1726	0.596483129504	10.7546112256
1727	0.656900834603	10.6743652807
1728	0.771594714072	13.5503536202
1729	0.84787337903	11.4371958235
1731	0.64735011234	12.6278200425
1732	0.714330057164	11.5241034156
1733	0.837968027666	10.391277604
1734	0.788342606267	12.4400977602
1735	0.861010164239	10.3638320909
1736	0.83417928885	11.2906355142
1737	0.776359696622	11.2863614336
1738	1.02658026379	12.0119382146
1739	0.864589191231	12.1718905029
1740	0.75091350187	12.2245999905
1741	0.621145085483	12.3532158891
1742	0.719018904067	10.2131857453
1743	0.797285538181	10.1183682169
1744	0.669244062406	12.2436018204
1745	0.703759190118	9.16648739549
1746	0.876503529017	8.95909677
1747	0.651095292425	10.180807869
1748	0.54661146841	10.2799982539
1750	0.73442071088	11.0896107375
1751	0.794720804631	10.0207663608
1752	0.618174084298	8.19371353805
1753	0.739764841701	10.055466364
1754	0.709909358573	10.0673509585
1755	1.07861382249	10.6819903892
1756	0.949898354566	10.8007384447
1757	0.823824311244	8.91135137174
1758	0.859764788914	10.8469763946
1759	0.885543793409	7.80149553207
1760	0.675507722106	10.0058097942
1761	0.823195044581	11.8466295029
1762	0.62607567664	10.0304841508
1763	0.795649523456	10.8535941625
1764	0.799568098241	9.81781864229
1765	0.757099327723	8.83446626326
1766	0.624118216869	10.9495268386
1767	0.598815005095	12.9557939263
1768	0.820588718106	12.7195257976
1769	0.555723866561	8.96073502161
1770	0.810953705286	12.6803776139
1771	0.809334611594	8.67189942742
1772	0.651798288811	12.814169228
1773	0.764694415427	10.6958563965
1775	0.861658238357	11.572784809
1776	0.695514299534	11.711813547
1777	0.750368939713	10.6090774242
1778	0.722728613313	9.60876278007
1779	0.931609889243	12.3743620886
1781	0.977990136783	13.2895055921
1782	0.38325600715	8.87634724837
1783	0.611404625436	12.6277552312
1784	0.81837153802	11.4189102904
1785	0.736667635319	9.47944852609
1786	0.84759467177	10.2852229699
1787	0.778596762112	11.3427543603
1788	0.796450200533	9.31331632352
1789	0.707173191778	11.4003173928
1790	0.51066545562	13.583535946
1791	0.944751301875	11.1067702421
1792	0.904414930755	10.140953147
1793	0.74727648981	12.2432866715
1794	0.755892703633	11.2234102463
1795	0.602358293872	12.3704020963
1796	0.729966389536	12.228153741
1797	0.928892763741	11.0248529366
1798	0.697241885714	10.2524428747
1799	0.727803478778	12.2195173593
1800	0.882139983573	11.0349466864
1801	0.634468189061	11.2602632486
1802	0.664688376212	9.18867296198
1804	0.825282357912	10.0116283519
1805	0.598888934825	9.22026403585
1806	0.917906055883	9.86781636342
1807	1.04744863295	9.73492891686
1809	1.00829880206	10.7492675051
1810	0.902712464784	8.83545449096
1811	0.888292474472	9.83960218771
1813	0.848662461764	12.8521260004
1814	0.724340008132	11.9594007216
1815	0.826719850508	11.8331742673
1816	0.802201982497	11.8410698964
1817	1.01243753349	11.5869668184
1818	1.06910957996	10.5115882467
1819	0.719400569515	9.84850765719
1820	0.97109230724	11.5761225323
1822	0.80768713118	11.7045231159
1823	0.729990823726	11.7584406608
1824	0.754013704691	9.70256439633
1825	0.951432317626	10.5012424873
1826	0.811281940746	9.61592646703
1827	0.70446837782	9.71350148929
1828	0.683891372407	9.73062054461
1830	0.78371550764	10.6200641717
1831	1.0375866042	11.3413136333
1832	0.624594171227	8.74522126721
1833	0.660882013428	11.7006074491
1834	0.875956845236	10.4417870378
1835	1.06990106814	11.2373985529
1837	0.971190899295	11.2733508878
1838	0.734236065957	8.44840494621
1839	0.936569745508	9.23684562296
1840	0.93083406915	9.22373950106
1842	0.901320689913	11.2457486064
1844	0.777695239862	12.3516982089
1846	0.838644988116	12.2857688001
1847	0.895224565608	11.2090349111
1848	0.999776369501	11.1022817299
1849	0.763640058662	11.3364296723
1850	0.862506847054	11.2100449506
1851	0.848950451909	9.21795769186
1853	0.752072357412	9.23757661118
1854	0.905069264018	12.0821371289
1855	0.622403895849	10.3621371859
1856	0.982795266125	10.9910228689
1857	0.657315562321	9.31169935708
1858	0.806311078258	9.15786444617
1860	1.00401774878	11.8564236807
1862	0.868591039556	10.9746062043
1863	1.01344511083	9.80446777015
1864	0.778834190287	12.0322994295
1865	0.670850107247	9.12703380189
1866	0.829878003656	11.9215228958
1867	0.850777233859	10.8824552238
1868	0.652685808033	12.0646301168
1870	1.00053396775	9.66846009497
1872	0.632408783081	9.99023944332
1873	1.13490969416	11.4702602663
1874	0.985624126927	11.605834425
1876	0.683494191463	9.83300373976
1877	1.00696211013	10.494772303
1878	0.831580554618	10.6130968763
1880	0.93222414812	11.4996430713
1881	1.19207296507	10.2197524651
1882	0.922206150969	11.4723269365
1883	0.993580140378	9.38921297017
1884	0.867929139844	11.5046932969
1887	0.767585395637	10.5448388177
1888	0.805444779564	9.46470701547
1889	1.08513396926	10.1849284189
1890	0.858863259719	10.4050671112
1892	1.13484289093	11.0470855198
1894	1.02355672861	11.1422228218
1895	0.896614497446	10.2482151087
1896	0.873315192257	11.2611896114
1897	0.624797339382	10.483731041
1898	1.073916371	11.0124319976
1901	1.08833248885	8.9086354977
1902	0.823132744782	10.1551500831
1904	0.846250865819	9.11019727383
1905	0.629071917444	11.3259107362
1906	0.775500285675	10.1712609071
1907	0.677927957374	11.2557073535
1911	1.02749013333	9.80856177554
1916	0.757194890531	11.0025538987
1918	0.869712639301	10.8790341577
1919	0.849079890539	10.8938397984
1921	0.64012657265	10.9853968578
1922	0.604341670002	10.0163305316
1923	0.781092919859	9.80120593811
1925	1.06305412146	10.4540223033
1927	0.801376539096	10.675186944
1928	0.706267805966	10.7669123461
1929	0.986022341481	10.4423895232
1930	0.867955258807	10.4997600174
1932	1.00224013649	10.311186982
1936	0.678635473621	9.5694464765
1939	0.834261176931	9.39587155665
1941	0.844149796961	10.372100707
1942	0.994320054723	10.2208167764
1943	0.810204857946	10.3912783439
1946	1.00579477344	10.1857143442
1952	1.08150708344	9.92402082763
1961	0.871871369879	9.84236274053
1980	0.584881711259	8.95373029957
1997	0.948306966439	9.38641834451
2009	0.947190362613	9.14913365626
2011	1.12166532355	8.94535104807
